656.38074
601.93634
638.90436
549.9132
656.2383
524.6133
451.9175
610.9972
597.0753
641.96497
560.02594
475.44077
790.2633
801.89575
827.13556
791.42804
817.7014
822.3047
855.24536
791.0049
798.8625
804.5275
794.1102
856.8939
703.83154
720.5159
719.9794
452.83356
631.0638
715.0706
677.70874
609.42615
662.5143
699.8341
573.4441
687.0627
844.9566
807.14355
765.40265
803.93304
808.233
741.305
957.1058
762.9428
735.9264
904.0938
864.934
853.3196
656.38074
575.8844
638.90436
531.4356
656.23816
518.3237
412.45505
638.425
604.7571
632.43274
542.83875
576.9911
779.74475
801.8955
827.13556
793.26245
817.70264
822.3047
855.24536
791.0049
798.8728
804.5275
794.1102
856.8939
703.83154
720.6794
719.9796
444.9088
616.76843
715.0766
658.62573
616.0374
662.5132
689.1073
580.07294
687.0633
844.9566
771.195
778.9862
803.9315
808.233
759.60913
957.09235
764.33417
737.4764
904.1021
850.9859
853.31885
656.38074
611.5232
638.90424
551.2156
658.0371
533.5562
406.26062
633.6681
573.24805
608.8888
542.2417
576.9911
796.75836
801.89185
827.13556
791.39655
817.702
822.3047
855.24536
791.0049
798.8625
804.5275
794.1102
856.8939
703.83154
719.00275
719.97943
488.0789
624.2799
715.071
652.27954
612.91724
662.51337
699.8341
568.3958
687.0629
844.9566
793.89197
768.0489
803.9299
808.233
753.30176
957.1009
750.2956
738.16095
904.0973
864.934
853.31934
656.38074
593.6557
638.90424
556.05945
662.75397
564.0278
413.86197
644.55554
594.7025
603.84674
558.3209
576.9911
797.7058
801.8915
827.13556
791.4005
817.7014
822.3047
855.24536
791.0049
798.8625
804.5275
794.1102
837.28424
703.8316
720.5159
719.9794
458.26297
617.273
715.0707
652.8403
617.37354
662.51404
692.581
544.1757
687.0661
844.9566
782.7013
760.50775
803.9307
808.233
751.82544
957.0914
765.6601
742.9699
904.0947
864.934
853.3194
656.38074
594.8823
638.9044
545.9756
656.2384
513.7043
509.84586
627.6397
609.6918
618.4074
678.48737
576.9911
787.4498
801.89526
827.13556
791.3191
817.70135
822.3047
855.24536
791.0049
798.8625
804.5275
794.1102
856.8939
703.83154
720.5159
719.9794
437.79227
633.01117
715.07263
658.3039
609.2724
662.5133
699.8341
564.2339
687.0628
844.9566
806.6956
768.8517
803.93463
808.233
754.3814
957.0963
757.3294
743.5285
904.0974
864.934
853.31934
656.37823
607.5214
638.90424
553.5868
653.76166
554.9138
417.2445
617.91785
611.15076
630.0672
678.4875
576.9911
781.41223
801.8921
827.13556
791.42804
817.7025
822.3047
855.24536
791.0049
798.8625
804.5275
794.1102
837.28424
703.8316
720.5159
719.9794
461.34183
620.95856
715.07324
682.94507
614.41675
662.51434
699.8341
664.1978
687.06464
844.9566
796.35834
764.0636
803.93195
808.233
763.8927
957.0979
761.7082
747.41766
904.10236
864.934
853.31946
656.38074
603.34143
638.9043
585.6838
657.13763
547.77563
499.8332
625.35547
590.50507
611.26166
678.48737
576.9911
783.51733
801.89417
827.13556
791.31885
817.7017
822.3047
855.24536
791.0049
798.8625
804.5275
794.1102
856.8939
703.83154
720.5159
719.9794
451.90192
618.834
715.0706
658.32214
605.7915
662.5132
699.83417
574.93896
687.06256
844.9566
771.195
765.79535
803.9328
808.233
747.10297
957.0909
773.8024
747.18915
904.095
850.9859
853.3168
656.38074
611.00757
638.90424
539.49445
656.2382
539.3781
464.0763
636.42053
601.57544
601.8103
528.00165
576.9911
787.0598
791.95935
827.13556
791.42804
817.70154
822.3047
855.24536
791.0049
798.8625
804.5275
794.1102
856.8939
703.83154
720.5159
719.9794
466.30878
622.0527
715.0728
674.01636
616.7279
662.51337
681.045
565.86804
687.06464
844.9566
835.33636
780.79114
803.9329
808.233
753.0881
957.09424
756.43726
739.17993
904.10077
877.3054
853.31934
656.38074
550.60065
638.90436
550.3808
656.23816
528.8846
469.16428
619.7942
603.1456
641.1179
545.8108
576.9911
782.2745
801.89185
827.13556
793.2584
817.7022
822.3047
855.24536
791.0049
782.44836
804.5275
794.1102
856.8939
703.83154
721.42596
719.9797
541.5576
609.834
715.0722
655.4851
616.3346
662.5132
699.8341
571.0046
687.06476
844.9566
794.5012
772.78625
803.92883
808.233
744.9393
957.0994
761.21826
747.27625
904.09906
864.934
853.3221
656.38074
588.9719
638.90436
523.6507
653.7618
521.1799
432.6131
655.1049
573.2946
623.7151
542.1535
576.9911
785.7977
801.8933
827.13556
791.3189
817.70135
822.3047
855.24536
791.0049
798.8625
804.5275
794.1102
856.8939
703.83154
720.5159
719.9794
472.60098
617.4535
715.07117
676.08136
615.97186
662.5133
688.10504
583.432
687.064
844.9566
805.18097
771.60223
803.92993
745.74994
741.88
957.1065
753.47424
739.39545
904.09564
864.934
853.3196
