703.84955
690.3102
717.1988
663.45764
856.805
653.2272
633.2241
706.5459
687.8848
717.26416
667.7922
612.0407
825.91907
813.5995
812.52124
799.89746
847.33093
818.89484
902.61017
891.2731
818.3626
881.66077
880.891
1100.5471
915.3456
710.37744
966.5695
641.9565
728.0304
697.77875
729.3863
717.31824
684.95496
879.9321
659.4203
979.5326
809.0561
1036.3359
827.43414
801.60864
801.03143
806.4573
1160.5668
817.5618
808.57
1098.4971
1039.4518
1057.6503
705.68744
689.22705
713.29224
667.5909
639.03394
649.9738
625.82935
717.9072
702.9874
714.6615
664.31757
623.17255
826.06384
801.9589
806.3927
807.6638
843.0438
818.9372
1098.2439
857.4593
818.7035
1071.6987
845.56177
1100.547
930.64966
707.4246
741.9081
636.72095
946.3834
706.4241
716.1623
717.41815
677.9153
895.8158
640.48456
979.532
803.39325
1042.3854
838.09186
811.0004
796.6273
803.91846
1160.5696
822.6534
827.3287
1092.5802
1042.0825
1057.6475
964.2337
673.026
716.58575
660.6164
642.36096
650.0855
634.18427
711.22015
700.73065
719.37366
661.4636
625.5968
836.0001
804.4937
807.5304
792.3985
848.16064
829.598
897.26056
869.0688
805.7455
869.0493
841.6828
1100.5469
928.78564
877.92126
962.25195
636.30304
945.8237
703.6452
713.4565
721.89215
685.904
895.4783
663.1029
979.52905
795.6098
1038.2848
825.92444
810.6585
809.3371
817.60223
1160.5667
820.65137
811.1932
1091.4285
1042.0823
1057.6499
701.1123
690.72595
730.54364
660.62994
871.52094
653.67896
632.4016
729.93787
692.2036
718.1861
668.72266
616.6725
830.6414
810.07227
811.9208
793.1705
840.36694
820.7892
903.5266
838.36383
815.7834
857.1826
857.37994
1100.547
713.5615
704.8447
738.43195
635.8595
948.091
933.3345
717.252
720.6468
686.75555
893.9412
656.39655
979.52594
807.2718
1031.6749
829.48315
809.153
804.5771
815.31506
1160.5706
834.676
813.3438
1099.0958
1039.4518
1057.6458
698.94366
685.35016
723.9339
661.92004
858.609
656.27576
628.67194
712.0293
715.9695
931.69617
663.3283
619.56775
825.5411
805.43134
810.1946
801.23846
841.95245
829.72504
889.7618
859.3272
826.62036
1068.6255
849.19037
1100.5469
922.2994
874.9072
964.1966
636.5328
946.1877
704.4056
723.26166
717.6853
680.1598
895.4983
662.8008
979.52814
793.32043
1042.3413
826.0407
803.58673
803.6472
811.77167
1160.5665
823.0336
830.8051
1100.2942
1039.4518
1057.6501
964.55743
680.6228
724.24445
662.9433
869.82416
657.85767
630.4669
713.88824
694.0432
712.7197
665.6088
617.2971
822.1351
810.18866
811.98676
793.92566
837.9216
818.4686
917.7762
862.5875
826.9152
855.3561
857.73267
1100.5479
713.52264
911.15173
963.9562
640.8729
946.2337
692.84393
736.1421
710.94
670.2891
879.0286
665.0147
979.52997
799.2968
1040.309
823.1339
804.7482
795.593
807.4531
1160.5686
813.46576
810.35474
1098.8359
1042.8646
1057.6455
964.2337
686.2698
717.0714
660.6575
645.86554
655.85406
632.76825
712.1681
697.5528
725.26685
659.6128
610.2563
836.07263
803.9165
814.02423
805.4272
843.50745
817.4328
1103.7086
856.37134
828.1548
858.3719
844.9177
1100.5488
707.24646
908.85803
965.4243
634.6024
945.8503
693.223
730.4207
709.9514
674.4516
875.743
669.9243
979.5296
812.09753
1041.0265
831.4051
810.4693
811.74615
805.42993
1160.5696
821.21796
840.5807
1092.5101
1042.0825
1057.6455
964.55743
692.32587
717.9854
661.3154
641.4447
648.1377
629.21216
695.4596
698.17163
932.85034
662.58203
611.6926
826.5282
811.90533
804.2241
803.38367
832.2263
826.22314
888.22864
877.79834
824.73425
888.5691
850.1123
1100.5472
720.1437
876.2174
963.6118
635.6272
944.14685
696.23804
727.584
717.51587
683.46136
875.8811
663.442
979.5284
800.13074
1038.4978
826.07697
811.7531
793.8182
810.6479
1160.5667
839.872
805.7224
1098.4971
1039.4518
1057.6455
698.3825
676.71643
723.7026
660.6382
646.38715
656.23096
633.3596
715.13275
706.7838
714.6586
661.74036
614.5222
836.16516
800.5259
812.5013
798.9952
851.6938
825.8012
898.2806
903.7431
807.70526
848.37445
851.20825
1100.5499
909.8438
908.8719
969.9055
641.48883
726.9825
708.7455
719.33154
717.98395
680.39514
879.96564
656.4879
979.52826
810.94965
1040.3127
826.88794
807.89526
801.14435
809.9582
1160.5669
825.9069
793.7321
1098.4973
1039.4518
1057.6456
964.8299
685.93115
718.1061
659.5748
643.66516
653.18085
628.70886
713.0292
713.2921
718.71045
664.7142
619.14545
824.9521
812.3932
811.99994
797.57935
851.7406
828.1766
889.88104
864.23175
820.7777
839.24927
902.30054
1100.547
887.71344
710.2723
959.7748
634.1268
949.1963
692.8057
721.7454
721.51715
672.91693
882.014
667.0943
979.527
805.5233
1038.3804
828.1547
796.51434
800.62366
804.73175
1160.5695
829.3054
810.76624
1092.7594
1039.4515
1057.6456
