36
50
59
70
79
99
117
127
147
171
196
215
232
253
274
293
314
335
356
377
398
418
439
460
479
500
520
540
560
725
744
769
786
807
826
846
867
878
901
918
935
952
961
980
998


19
28
42
51
71
88
105
126
147
164
185
206
228
245
265
282
304
326
347
367
389
410
431
450
471
492
512
533
553
574
738
759
780
940
952
969
978
997


15
29
49
70
83
100
110
123
144
165
191
208
225
238
257
278
295
316
338
358
375
396
417
438
458
477
497
516
537
557
721
741
763
784
805
825
847
858
878
895
906
928
948
965
982


18
29
40
49
61
68
80
91
98
108
126
133
143
151
161
168
176
183
196
206
216
223
230
237
249
262
269
276
283
290
297
308
315
322
334
341
348
355
366
378
394
402
409
421
428
436
448
455
462
472
483
495
502
509
516
527
534
541
548
559
566
573
584
595
607
618
629
642
649
658
669
681
690
699
707
721
728
735
742
750
757
764
774
785
797
804
816
831
838
845
852
859
870
889
896
903
910
920
927
934
941
955
962
969
988
995


20
25
32
38


11
22
29
39
51
58
71
78
90
104
111
121
130
137
146
153
160
172
179
186
193
201
212
225
239
246
253
270
277
284
297
304
311
318
328
340
347
354
361
368
375
382
394
401
410
422
429
436
447
465
472
479
486
493
500
507
526
534
541
553
560
567
574
586
593
600
610
621
628
635
642
652
662
669
676
685
698
705
712
719
729
736
743
755
769
785
792
799
806
814
821
828
836
843
850
857
864
871
878
889
906
913
920
927
934
942
958
965
972
979
993


49
59
70
83
93
102
116
127
140
149
157
175
184
196
205
216
232
245
258
274
287
296
310
324
337
349
358
368
382
396
408
417
426
438
450
464
473
483
496
507
520
531
544
553
567
579
592
605
618
631
640
649
662
676
687
696
705
718
730
739
748
758
767
778
790
801
816
825
834
846
859
869
878
887
900
909
918
927
941
950
959
968
979
992


12
26
35
42
55
67
80
89
98
110
127
148
173
191
200
217
239
262
283
305
323
345
366
530
551
573
594
614
636
655
673
694
711
871


10
19
31
42
56
75
92
255
275
295
317
338
359
380
401
423
444
465
485
507
528
549
568
731
748
908
926
947
967
985


9
18
27
34
43
52
57
63
72
77
84
93
103
108
114
123
128
137
142
150
161
166
176
185
190
200
209
216
221
230
239
246
262
267
274
281
290
296
305
311
316
327
334
342
351
356
366
371
377
382
387
392
400
411
419
428
439
449
454
459
464
469
479
488
497
506
514
520
528
537
546
551
556
561
569
580
585
595
600
605
612
621
626
631
640
651
660
667
678
683
688
697
706
711
720
725
730
735
744
749
754
759
764
773
781
789
797
802
809
817
828
833
838
844
850
860
873
882
887
892
899
909
914
919
924
932
941
946
955
962
967
983
988
995


9
20
30
42
53
61
68
75
84
91
98
105
113
123
130
139
146
153
160
167
174
187
194
201
208
218
226
233
240
252
260
267
274
284
294
310
317
324
331
338
349
356
364
374
386
398
405
412
420
431
438
445
452
463
471
482
492
502
513
521
528
535
542
549
557
564
572
582
591
598
605
618
625
632
639
649
661
668
675
682
689
699
706
713
725
742
749
758
769
789
796
803
810
817
831
839
849
863
874
881
888
895
907
920
927
934
948
955
962
973
995


12
20
41
52
73
91
114
137
158
167
178
199
220
243
264
277
298
319
337
357
376
398
410
421
442
462
475
489
510
531
552
571
592
614
636
645
665
686
698
716
729
742
763
783
804
821
842
859
876
885
906
925
942
960
985


14
33
53
62
79
101
118
136
153
170
191
211
231
252
271
292
456
476
496
656
816
979
996


11
24
33
42
49
58
77
89
99
120
134
155
172
189
209
226
247
268
288
309
330
352
372
391
412
432
454
476
497
661
681
701
722
886
905
925
946
966
993


21
32
43
62
79
96
109
130
148
165
187
208
231
249
270
291
309
328
348
366
387
409
430
451
471
489
509
529
552
573
594
757
777
797
816
833
993


13
25
44
51
57
68
79
88
95
109
127
149
167
187
204
225
388
408
429
449
469
489
511
532
553
574
737
758
779
799
820
981


8
16
29
41
53
72
91
100
121
130
151
171
192
212
233
254
271
290
311
474
496
517
537
697
862
883


14
37
50
72
84
102
121
142
163
189
208
229
250
267
430
450
471
492
512
676
696
717
738
757
778
798
819
846
867
885
906
925
946
964
986


8
26
44
61
73
90
105
116
127
147
168
189
210
230
253
274
294
315
328
346
367
388
409
430
594
615
635
656
677
697
857


8


12
19


20
33
45


29
40
49
60
69
89
252
273
292
313
330
493
514
678
700
720
884


7
18


7
16
23
30
42
59


21
30
37
43
52
62
67
72
80
87
97
105
110
117
128
133
138
143
148
154
160
168
180
192
201
212
217
223
228
234
243
249
254
259
264
272
283
288
293
298
307
312
317
322
327
338
344
349
354
359
364
371
380
385
390
395
404
409
414
423
430
442
454
464
470
475
482
490
499
509
518
523
529
534
539
544
552
562
567
572
580
585
590
599
604
609
614
625
635
640
650
655
660
665
674
679
684
692
703
711
720
727
732
741
750
755
761
769
778
783
788
793
801
810
815
822
833
843
848
858
863
869
881
886
891
907
912
917
922
930
935
940
949
954
959
964
973
978
983
995


11
17
27


32
40
49
55
66
80
92
106
115
124
135
153
162
171
178
188
197
206
220
239
254
263
272
286
295
304
318
329
338
349
361
375
384
395
406
421
431
444
455
467
478
487
498
510
523
532
544
558
571
582
594
607
619
632
645
655
668
683
695
704
713
722
731
743
752
762
776
785
794
809
819
828
839
852
862
873
882
893
907
916
925
934
944
955
960
969
979
988
995


13
24


20
28
37
49
69
90
111
134
146
163
174
191
200
219
236
257
269
289
299
316
341
350
372
381
390
400
412
425
442
464
484
501
518
537
557
575
594
615
634
656
673
682
694
713
726
743
760
777
796
817
834
851
868
885
900
919
936
948
959
987


34
45
55
72
81
89
106
129
147
164
176
197
216
225
236
258
267
286
307
326
345
365
384
405
423
585
602
762
783
802
820
984
997


11
32
44
59
68
90
99
111
136
155
172
190
214
231
238
250
263
272
294
311
331
355
373
383
396
417
437
446
466
485
510
529
550
569
588
609
630
651
669
690
705
724
745
766
787
809
829
846
867
880
900
922
939
952
970
980
997


43


17
26
31


50
62
71
88
99
116
138
162
175
193
211
230
247
266
277
295
313
330
349
367
387
405
425
446
466
483
505
526
549
567
580
601
622
641
661
670
691
708
726
747
769
786
795
818
839
860
887
904
914
926
932
944
962
974
991


23


9
14
21
32
40
50
70
83
92
109
121
145
160
174
191
209
229
247
267
287
308
327
494
513
534
553
572
593
615
635
654
675
694
704
724
889
901
923
934


8
25
34
41
51


11
18
31
41
51
56
64
81
102
121
133
143
154
172
193
202
211
230
251
272
294
312
331
343
363
380
398
417
437
458
478
498
516
536
557
576
596
617
637
657
817
838
856
873
892
909
928
941
960
969
986


11


30
43
56
67
75
88
98
110
120
137
158
177
197
217
236
257
275
292
301
319
340
360
381
401
421
438
448
467
488
507
527
547
566
587
607
628
647
668
689
708
726
749
769
788
809
830
848
865
885
904
924
942
956
974
985


9
20


32


9
20
34
46
55
65
85
105
126
136
146
156
177
194
208
228
248
272
289
309
332
495
517
531
552
572
589
751
771
790
807
828
849
868
888
905
926
945
966
979
988


13
23
29
35
45
55
74
89
107
120
131
151
170
179
200
220
232
252
270
292
304
314
333
351
369
388
406
428
590
608
770
790
809
829
849
862
883
904
925


9
16


19
26


9


36
50
59
70
79
99
117
126
146
167
184
195
217
238
259
280
304
325
346
364
385
406
427
448
469
489
510
532
553
575
596
618
639
659
679
703
725
744
769
786
807
826
846
867
877
906
923
940
957
969
989


19
28
33
52
64
81
88
105
126
147
168
189
210
231
251
270
289
301
318
338
357
377
399
420
444
465
485
503
523
542
702
721
742
763
785
795
817
836
857
876
898
920
950
969
978
995


15
29
49
70
83
100
112
132
152
171
191
208
217
230
253
275
297
320
341
362
383
405
425
446
467
488
510
531
552
572
592
612
776
797
818
839
859
880
897
909
926
943
964
981
998


18
29
40
52
63
73
80
91
98
109
120
127
138
151
167
174
181
194
201
208
216
223
230
240
249
262
269
276
283
290
297
309
316
323
330
342
355
362
369
376
383
394
408
415
422
429
436
448
470
477
484
495
509
516
523
530
537
548
559
566
573
584
595
607
614
622
633
640
647
657
669
680
688
695
702
714
729
736
743
750
757
764
776
788
796
804
811
819
829
841
849
856
869
887
894
901
908
915
922
932
939
946
953
960
967
992


20
25
32
37
42
50
55
60
65
74
79
84
89
94
102
108
113
121
126
134
142
151
156
161
167
174
183
189
201
207
214
223
234
239
246
251
262
268
277
285
290
295
303
313
318
324
334
345
350
355
364
369
376
385
390
396
405
416
429
434
442
447
452
459
468
478
487
492
497
502
507
512
517
523
531
542
551
556
561
569
574
579
587
592
597
610
615
620
625
634
645
650
659
667
675
680
687
695
704
712
721
731
744
751
761
766
771
780
789
794
799
808
816
822
827
833
844
850
855
861
866
871
876
881
892
897
903
908
915
920
925
930
942
947
952
957
966
985
996


11
22
29
40
51
58
72
80
87
97
110
124
131
139
150
157
164
171
179
186
193
200
207
218
232
239
246
253
270
277
284
295
307
314
326
333
345
352
360
369
376
383
390
402
413
421
428
440
449
464
472
486
493
500
507
519
526
533
540
547
554
561
568
580
594
608
615
622
629
638
652
661
668
675
686
698
705
713
724
735
746
759
766
780
787
794
801
808
815
823
831
841
854
861
869
880
887
894
903
911
918
935
942
951
958
967
974
998


49
60
70
83
98
107
118
135
144
153
166
179
188
197
210
219
234
243
252
265
282
291
300
316
325
334
344
359
368
377
388
397
406
420
432
446
458
472
484
497
507
519
531
546
556
565
574
585
597
610
623
632
641
654
667
679
695
704
713
727
743
752
764
776
793
802
812
824
833
842
851
860
869
882
891
902
919
928
937
946
955
964
973
982
992


12
26
35
44
54
63
75
96
105
126
141
163
180
189
210
231
249
266
287
311
332
353
517
537
548
568
589
609
630
650
670
691
710
730
751
914


10
19
31
44
61
84
105
125
147
164
185
206
227
247
268
290
453
474
495
516
535
556
578
600
620
642
802
823
844
861
881
904
923
941
960
977
996


9
14
19
27


9
21
33
42
53
61
68
78
85
94
106
113
124
139
146
153
160
167
174
191
198
205
215
227
234
241
248
255
262
269
278
286
294
301
308
316
328
335
342
355
362
374
385
394
401
408
415
422
429
438
449
460
471
483
490
497
507
517
527
535
542
549
558
572
584
591
598
608
625
632
639
649
664
671
678
685
698
705
712
721
731
739
746
753
760
776
783
790
797
807
818
825
832
849
856
863
870
877
887
894
901
908
917
928
954
961
968
989
996


12
20
41
52
72
84
106
116
136
149
174
191
203
222
234
252
273
294
315
333
346
367
385
405
422
443
456
476
498
519
536
555
566
587
600
617
641
661
682
699
710
723
747
767
784
804
823
845
862
872
893
913
922
931
940
957
967
985
994


14
33
53
76
95
115
136
159
170
191
203
223
245
409
430
594
614
634
655
676
696
717
730
748
769
929
946
964
988
997


11
24
33
42
63
72
79
98
115
136
157
177
197
214
224
242
255
276
297
319
482
503
521
542
563
584
605
626
790
811
830
991


21
31
40
61
72
81
98
119
136
145
162
183
208
228
248
267
284
303
323
344
365
387
408
428
447
468
488
509
529
549
569
590
611
631
650
814
835
855
875
896
913
931
952
970
983
993


13
24
33
42
51
56
68
78
88
95
104
121
130
149
167
187
208
227
244
265
282
308
330
351
362
384
405
568
588
610
630
652
674
691
712
733
753
770
938
955
976
995


8
16
29
41
54
72
91
108
129
149
166
178
189
198
219
236
256
275
296
315
336
357
376
397
417
438
455
617
638
801
822
843
863
887
906
928


14
37
50
63
84
102
122
143
167
189
208
221
242
262
283
304
325
346
368
389
412
432
596
617
638
658
818
839
856
876
895
916
936
956
973
985
994


8
26
50
59
77
84
95
116
136
157
178
199
363
384
405
425
446
466
487
651
672
693
715
879
900
917
938
961


8


12
25
34
41
48
61
80
97
114
135
156
176
339
360
380
400
420
441
462
481
502
523
687
708
868


20
33
45
51
58
77
86
95
114
131
152
173
193
214
378
399
419
440
604
625
643
663
684
704
726
745
911


29
40
49
60
69
90
108
129
292
313
334
355
376
398
562
726
747
768
789
810
833
850


7
18


7
16
23
30
42
60
79
86
107
117
139
146
167
178
191
211
233
245
262
282
301
315
324
341
349
366
383
400
411
432
453
473
493
513
530
550
568
589
609
628
648
667
688
707
726
744
761
779
798
819
838
858
880
908
926
943
963
980
989


21
30
37
44
51
60
65
70
75
80
87
92
98
107
112
123
128
133
138
143
148
153
160
169
179
188
193
198
207
216
228
234
243
254
259
264
272
282
287
296
305
314
320
329
334
339
344
349
354
359
364
371
380
385
390
395
405
411
416
421
426
432
442
453
463
470
475
481
489
499
511
516
522
529
538
544
552
557
562
569
574
585
591
596
601
606
615
624
633
642
651
656
661
670
678
688
693
698
703
710
721
730
735
740
749
759
768
777
782
788
793
801
810
815
820
825
834
839
847
855
867
886
891
907
912
917
922
931
940
955
960
965
972
982
993


11


32
40
48
58
71
82
97
106
119
128
137
153
164
173
180
192
205
214
227
239
256
273
282
291
300
309
323
332
343
352
365
378
390
399
411
421
431
445
456
467
479
488
498
510
529
538
547
558
569
578
588
601
612
625
634
643
656
665
676
685
695
707
719
730
741
754
768
781
794
809
818
827
844
857
867
876
887
905
914
924
933
944
954
965
972
979
991


13
24


20
28
37
49
69
79
96
106
115
124
141
160
182
200
210
231
252
269
279
293
310
327
336
345
365
381
390
400
414
431
441
459
478
498
521
542
562
583
601
613
634
655
673
694
708
726
746
765
774
785
804
824
834
856
877
898
919
936
947
971
980
992
999


34
45
55
68
86
103
130
147
168
187
207
224
241
250
273
291
300
319
328
348
361
381
402
423
444
457
477
497
517
535
554
573
592
612
633
645
665
687
706
726
744
764
785
806
825
847
870
887
904
921
931
950
967
976
997


11
32
44
59
68
90
99
111
137
150
163
180
197
207
225
239
257
273
283
300
319
336
345
355
374
396
417
434
454
473
494
511
531
552
573
593
611
628
649
658
678
698
721
740
752
769
790
808
829
848
867
884
894
914


43


17
26
32
37
47
63
68
73
82
90
95
103
112
120
126
131
138
143
150
157
165
173
183
188
193
201
210
215
221
228
238
243
248
257
267
272
277
286
295
304
314
319
324
334
339
344
351
360
366
374
383
388
393
404
415
420
425
433
442
447
452
459
468
473
478
484
494
503
511
516
523
528
533
538
543
552
563
568
573
582
587
592
597
603
613
622
629
634
639
644
652
657
666
671
681
686
691
700
705
710
715
720
725
732
739
744
749
754
762
767
772
778
787
792
797
806
815
823
832
837
842
850
855
860
865
870
879
887
892
897
906
917
922
930
952
957
962
967
975
980
986
994


50
62
73
94
105
122
132
150
163
181
200
220
231
249
266
277
298
315
326
343
364
384
406
426
446
466
489
506
516
535
555
575
593
614
632
651
670
691
708
726
748
759
781
801
818
831
848
865
888
906
925
945
954
961
972
988


23


9
14
21


8
25
34
42
51


11
18
23
31
41
60
65
74
86
95
117
140
157
169
186
193
206
215
226
247
267
279
301
322
341
362
380
399
422
441
459
479
496
518
537
559
580
601
622
643
662
683
700
720
739
760
777
799
819
838
855
875
897
914
933
946
967
985
994


11


30
43
56
67
75
90
109
117
129
150
171
192
213
234
255
273
283
302
314
335
356
377
389
410
428
447
467
488
507
527
690
708
727
891
910
929
946
953
974
985


9
20
28
37
55
72
81
102
124
141
151
169
178
197
219
240
261
282
302
323
342
363
382
546
706
726
746
766
786
807
827
848
867
886
909
934


32


9
20
39
60
80
101
120
141
161
178
199
220
240
260
279
299
319
340
359
379
399
419
583
603
769
790
807
828
991


13
23
29
35
45
55
74
85
98
115
128
140
158
178
199
220
230
243
265
274
284
305
315
335
356
367
388
406
426
446
465
485
496
517
538
701
720
740
900
920
940
958
975


9
16


19


9


36
50
70
80
100
117
126
146
167
184
194
215
232
252
274
293
311
328
349
369
390
411
432
453
473
494
515
536
557
577
599
616
635
656
677
697
718
739
763
783
802
824
845
866
879
889
906
923
940
960
969
981
991


19
28
42
51
71
82
92
113
130
149
171
192
212
237
257
280
300
317
335
356
377
398
418
441
462
483
503
520
680
842
862
883
904
922
935
952
969
978
995


15
29
49
70
83
100
110
123
144
165
191
208
225
239
261
278
297
318
338
358
379
400
419
440
461
481
502
522
542
562
583
747
764
784
805
825
846
865
884
905
922
936
953
970
981
998


18
29
40
52
63
70
81
92
99
109
125
138
145
152
161
169
176
183
194
201
208
216
223
230
238
249
262
269
276
288
298
305
312
320
331
339
347
354
361
368
375
384
397
404
411
418
428
439
459
466
473
483
495
502
509
519
532
539
546
555
566
573
580
587
599
611
620
631
644
653
665
676
683
690
701
711
726
736
750
757
764
776
788
795
802
810
817
824
833
845
852
859
869
876
883
890
897
904
911
918
926
938
945
952
959
966
977
992
999


20
25
32
37
42
47
54
59
65
72
77
89
94
99
105
110
116
121
126
135
142
147
156
169
174
183
188
196
205
213
223
232
243
248
256
265
270
277
283
292
301
311
316
321
326
335
340
345
350
355
364
369
374
382
391
403
408
416
421
426
435
442
457
462
469
480
485
494
506
515
524
531
542
547
552
557
564
574
579
587
597
602
610
615
624
632
644
649
654
660
667
678
686
691
696
701
706
711
720
729
739
744
749
758
765
770
775
782
787
792
797
802
807
812
817
822
827
832
841
846
851
856
866
871
876
885
890
895
904
909
914
919
924
933
942
947
952
957
962
971
985
996


11
22
29
40
51
58
65
72
83
90
106
113
124
131
138
149
157
164
172
179
186
193
200
207
218
228
235
242
249
260
270
277
284
297
304
314
327
334
341
348
355
366
379
389
402
409
418
428
440
451
465
472
479
488
495
502
512
528
539
546
553
562
574
581
588
599
610
617
626
633
640
647
661
668
675
682
691
698
705
712
726
741
755
765
772
779
786
793
805
814
833
840
847
858
865
872
883
894
906
913
920
927
934
941
951
959
967
974
997


49
60
71
84
95
104
116
132
141
153
166
179
188
197
204
214
235
244
253
262
275
284
293
305
325
334
344
359
368
377
392
407
421
431
440
455
465
478
489
501
515
529
544
553
567
579
592
605
618
630
639
652
666
675
684
696
711
724
735
744
756
767
776
787
796
807
823
832
841
850
864
877
892
901
910
919
932
946
955
964
973
982
991


12
26
35
42
54
67
88
101
114
131
148
172
191
200
217
238
259
271
293
311
328
347
370
391
410
431
448
468
487
508
525
546
567
588
609
630
650
815
836
996


10
22
31
43
54
74
87
108
123
140
158
175
195
212
229
250
271
291
308
329
342
363
383
404
425
445
466
483
503
524
543
567
588
608
627
789
810
831
850
869
890
911


9
14
19
24
33
38
43
52
57
65
74
83
89
97
103
114
123
128
134
139
150
155
161
166
173
178
187
207
212
218
227
237
242
253
271
281
286
291
300
309
314
319
325
330
339
349
361
369
374
379
384
393
398
403
408
417
422
430
440
445
450
455
460
469
480
485
493
498
508
518
523
533
538
543
548
553
560
568
577
586
592
601
606
614
623
628
633
640
645
651
660
668
675
680
686
693
706
711
716
721
726
733
742
749
754
761
766
771
779
787
798
803
808
813
822
832
845
850
860
871
880
885
895
911
916
921
927
937
948
953
961
967
984
994


9
21
33
42
53
60
71
78
89
96
103
113
124
140
147
154
161
174
185
192
199
206
217
224
234
250
257
264
271
278
285
294
309
316
323
334
346
359
370
377
384
394
407
420
428
436
445
452
461
473
483
495
502
513
520
527
534
541
552
559
567
577
601
608
618
625
632
639
646
657
666
673
680
688
699
710
722
729
736
748
760
774
781
789
797
804
813
820
832
839
846
854
868
881
888
895
902
919
926
933
948
956
963
981
990
999


12
20
32
44
56
68
88
101
122
139
149
171
184
196
216
234
254
275
296
317
326
346
365
387
406
428
450
467
488
499
521
542
563
585
606
624
638
658
671
688
707
728
749
766
784
805
822
842
863
880
898
908
921
938
955
972
984


14
33
54
67
84
94
115
136
159
168
188
209
229
249
270
291
311
332
353
374
395
418
435
598
619
640
659
679
700
721
742
763
782
802
822
842
863
883
905
926
947
965
988
997


11
24
33
42
63
72
79
97
105
126
147
167
180
201
222
242
263
284
304
322
340
360
381
402
423
443
464
628
648
668
688
709
730
751
771
791
811
830
990


21
32
43
50
70
79
93
114
131
140
154
164
185
208
237
246
267
284
303
323
336
357
380
401
422
442
459
478
499
519
540
561
725
889
909


13
24
33
42
51
68
78
88
95
104
121
130
149
164
177
198
218
237
257
266
287
309
474
493
517
538
558
579
744
764
785
807
972
989


8
16
23
31
48
61
82
104
127
149
166
178
198
219
236
256
273
294
314
335
356
376
397
417
438
458
479
499
520
545
565
586
607
628
647
811
983


14
37
50
72
84
102
122
143
167
189
208
229
250
267
430
450
468
488
507
526
547
569
733
896


8
26
44
61
68
85
105
115
128
137
159
172
194
214
235
253
272
292
313
334
355
516
680
699
863
882


8


12
25
34
41
48
61
80
97
114
135
156
177
194
213
227
247
411
432
595
616
637
657
821
841


20
33
45
51
58
77
86
103
124
136
156
317
338
503
522
543
707
728
746
769
788
808
828
849
870


29
40
49
60
69
89
252
273
292
313
330
493
514
537
700
720
884
902
922


7
18


7
16
23
30
41
54
64
69
80
92
106
112
126
145
156
178
187
204
214
223
242
266
283
300
311
324
341
350
362
383
405
425
444
463
482
503
524
545
567
584
603
624
641
654
673
692
852
870
887
908
926
937
958
979


21
30
37
45
54
60
65
70
75
80
87
92
104
109
114
119
126
133
143
148
154
161
170
175
180
186
191
200
208
223
228
234
243
254
259
264
272
283
288
293
298
303
310
320
330
335
340
348
358
365
370
375
383
388
393
399
408
413
419
428
439
444
449
455
465
470
475
482
492
504
509
514
519
528
538
552
558
563
568
573
580
585
590
598
603
608
617
627
632
637
647
655
660
665
674
679
684
692
703
711
719
724
730
738
743
749
759
768
776
785
790
799
809
817
826
833
838
843
848
858
863
869
881
886
891
900
905
912
922
929
935
940
947
952
957
965
972
982
987
993


11


32
40
49
54
67
76
87
98
107
116
128
137
152
162
171
180
192
205
214
225
239
256
270
279
288
302
312
321
330
339
348
361
375
384
395
406
419
431
445
456
467
476
485
498
510
523
533
544
558
569
578
588
600
609
625
634
646
659
668
678
689
702
714
725
736
746
757
768
781
792
802
816
828
837
846
861
873
887
896
905
915
924
931
943
955
965
977
984
993


13
23


20
28
37
49
69
90
111
134
146
160
182
200
209
222
239
248
269
289
303
322
340
360
381
390
400
414
431
441
459
479
499
521
542
562
583
602
622
640
653
662
679
692
709
720
740
760
920
935
952
961
972
989


34
45
55
72
81
92
111
128
147
165
186
206
216
230
251
268
279
292
309
327
343
362
383
404
425
444
457
477
497
517
538
558
577
594
613
633
654
675
692
711
731
749
771
791
809
828
837
858
876
896
913
924
941
950
974
984
998


11
32
42
63
76
97
116
132
150
171
190
207
216
233
244
263
281
301
319
337
354
365
383
396
417
438
458
476
496
514
534
552
573
593
611
631
652
672
692
712
733
752
770
788
809
829
849
872
893
914
932
941
952
970
980
997


43
49
54
61
70
83
95
120
137
148
159
178
199
216
229
249
272
289
308
329
344
361
372
381
391
413
430
450
467
485
503
523
542
563
585
605
624
644
665
683
700
720
739
756
778
799
821
843
860
873
891
903
920
929
946
956
965
972
989
995


17
26
31


50
62
71
92
110
119
138
162
175
192
201
220
239
399
411
432
449
468
489
508
528
549
570
588
609
628
646
657
675
688
708
726
748
908
921
938
955
966
984
991


23


9
14
21
32
40
50
70
83
96
108
126
145
165
186
206
227
245
264
284
303
320
337
350
370
387
405
427
446
466
486
506
527
548
569
589
606
628
645
664
684
704
723
744
764
781
803
822
845
863
884
905
924
948
958
967
987
998


8
25
34
41
47
55


11
18
31
41
64
81
91
103
123
133
153
166
185
202
211
232
252
274
291
309
332
352
372
391
411
428
446
467
487
507
527
690
711
730
749
770
789
808
825
843
862
883
902
921
941


11


30
44
55
76
85
103
120
137
159
177
197
217
236
249
266
276
296
313
325
338
359
379
400
417
428
447
467
484
495
516
533
696
715
736
757
768
788
805
825
848
869
890


9
19
28
45
66
75
84
97
108
126
145
164
181
202
222
235
255
275
296
316
335
355
376
397
418
580
599
763
782
801
814
834
855
875
897
916
934
951


32


9
20
39
59
68
80
88
100
119
136
151
169
182
193
210
227
248
272
289
309
330
349
367
378
398
419
439
460
480
498
517
536
554
575
595
614
631
649
669
833
854
876
896
916
936
945
965
986


13
23
30
49
56
65
75
236
248
265
292
304
313
333
352
365
387
552
574
591
756
776
797
817
837
855


9
16


19
26


9


36
50
59
77
98
112
125
146
167
184
194
215
232
252
274
291
302
322
342
363
385
406
427
447
460
481
500
521
540
560
577
598
618
640
661
681
702
723
744
773
784
805
824
841
864
882
903
923
940
957
969
989


19
28
42
51
71
80
97
106
119
137
157
171
193
210
230
247
268
289
306
329
349
370
390
410
431
451
472
492
655
679
696
716
737
757
778
795
817
836
857
877
894
917
935
962
979
996


15
25
35
48
70
86
97
118
135
152
171
191
200
217
226
247
270
291
302
322
341
358
379
400
420
441
460
481
502
521
543
562
582
603
764
783
806
825
848
865


18
29
40
50
59
66
76
86
93
104
111
122
133
151
164
171
178
185
197
206
213
221
228
235
242
249
256
263
270
282
289
296
304
317
330
337
344
351
359
374
381
388
395
406
421
428
435
442
451
466
473
481
494
504
511
518
529
539
548
555
562
569
580
591
605
615
626
633
646
658
668
683
694
704
714
721
728
735
742
752
763
777
788
804
811
819
826
833
841
848
860
872
888
895
902
909
916
925
939
946
953
960
967
977
985
992


20
31
40
47
55
60
65
73
78
83
89
94
103
108
113
118
126
135
143
151
156
165
170
179
184
189
194
200
208
216
225
230
236
244
249
254
259
267
278
287
296
301
311
316
322
327
332
337
346
355
364
369
374
382
391
403
408
414
421
427
437
442
447
452
459
468
478
487
492
497
502
507
514
524
531
542
548
554
564
569
574
579
584
589
594
599
608
616
621
626
631
636
645
650
657
665
673
678
683
688
697
705
713
718
727
732
739
744
751
760
765
770
775
783
788
793
802
811
816
826
831
841
846
851
856
866
871
876
881
892
897
904
909
914
919
924
933
938
943
948
953
958
966
985
996


11
21
28
39
50
58
71
78
88
97
110
124
131
139
150
167
174
181
188
195
207
214
225
237
246
253
268
276
283
290
298
312
322
329
340
347
356
363
374
387
394
401
413
423
430
437
444
452
462
475
482
489
496
507
514
521
528
539
547
554
561
568
581
597
608
615
622
629
636
646
662
669
676
685
698
705
713
726
741
748
755
764
771
779
786
793
805
814
821
828
835
842
849
856
870
877
885
896
904
911
918
935
942
949
957
964
974
998


49
59
70
83
93
102
111
124
133
146
157
171
180
189
198
207
216
230
242
251
260
275
284
293
302
314
331
343
354
363
375
388
397
406
425
438
451
464
478
489
499
512
524
536
550
560
573
585
596
609
621
634
646
660
672
687
700
713
726
735
744
756
769
778
792
801
815
824
833
846
859
868
878
890
903
916
931
940
949
958
967
976
988
995


12
26
190
203
229
246
267
287
309
328
347
365
385
548
569
590
611
634
652
671
692
712
732
751
912


10
22
31
44
61
83
96
117
134
144
160
181
201
222
244
266
286
450
471
492
514
531
552
573
591
603
624
644
665
686
706
723
744
910
927
944
965
985


9
17
26
33
42
47
56
61
66
74
83
92
100
108
116
125
130
139
148
158
167
176
187
192
197
206
221
236
241
246
256
261
266
274
279
288
296
305
314
327
335
344
349
358
363
368
376
385
390
400
410
415
421
429
439
448
453
461
470
475
480
485
493
498
507
518
530
535
540
548
560
569
578
585
590
596
605
614
623
632
640
645
653
658
663
673
680
689
699
708
713
720
725
730
735
743
748
754
764
773
781
789
797
806
812
817
825
830
839
847
856
861
869
882
887
892
899
909
924
929
935
940
948
954
962
967
982
987
992


9
21
33
42
53
60
68
76
84
91
98
108
115
122
134
141
148
160
174
193
200
207
214
221
228
235
242
252
268
275
286
294
301
309
323
330
337
348
360
371
384
399
410
420
433
443
455
466
473
483
490
497
508
519
530
537
548
562
575
585
598
605
615
622
633
640
647
654
664
675
682
689
698
710
717
724
731
739
750
758
765
772
779
786
793
801
818
825
832
849
856
863
870
877
890
902
909
916
923
930
937
944
951
959
968
975
983
991
999


12
20
41
52
72
84
106
115
135
148
172
185
206
227
236
257
278
300
312
333
346
366
383
403
424
445
466
486
499
520
541
558
578
600
619
632
644
655
678
688
707
728
749
767
784
805
828
842
859
876
888
910
919
931
949
960
989


14
26
50
67
88
105
127
144
153
176
197
218
239
259
280
301
322
341
362
382
542
563
584
605
625
645
665
686
706
727
747
907


11
24
35
46
54
65
71
92
113
130
150
167
179
201
221
242
263
284
304
324
345
366
531
551
570
591
611
631
795
816
981


21
31
41
53
72
81
98
118
135
154
163
185
209
229
249
269
289
310
330
351
372
392
413
432
453
474
495
517
538
561
581
602
623
786
806
827
848
868
886
909
932
952
961
978
995


13
24
33
50
68
79
89
109
130
150
174
197
219
237
257
266
283
303
323
343
364
384
406
426
448
468
489
512
533
553
574
595
613
633
654
675
696
716
737
758
780
801
822
844
866
887


8
16
23
32
44
57
68
91
108
129
149
166
188
209
229
249
270
290
311
328
347
367
530
550
571
590
611
632
652
673
694
715
735
755
776
795
812
977
994


14
33
54
74
95
115
136
148
169
190
211
232
253
273
437
458
621
642
663
684
847


8
26
44
61
73
236
257
421
441
605
625
789
810
971
989
997


8


12
25
34
41
48
61
80
97
114
135
156
177
340
361
381
401
421
442
462
482
499
521
683
704
722
743
764
929
946
972
992


20
33
45
51
58
77
86
103
124
145
166
187
208
372
392
556
577
598
764
930


29
40
49
60
78
98
119
136
153
315
335
356
377
398
417
437
601
763
927


7
18


7
16
23
30
44
49
57
63
71
85
95
114
126
139
146
167
187
204
216
225
238
249
271
290
311
332
341
350
365
383
405
425
442
454
473
493
513
535
557
578
598
617
638
655
673
683
695
716
734
755
776
796
816
826
849
871
888
908
926
943
963
980
989


21
30
37
43
52
62
67
72
78
87
92
100
105
112
123
128
133
138
143
148
154
161
170
180
189
194
201
211
222
227
234
243
248
254
263
268
273
278
285
297
302
307
312
317
325
330
335
340
348
358
368
373
378
387
396
401
408
414
423
430
442
454
460
465
474
484
493
499
504
509
514
520
525
530
535
540
545
550
558
563
568
573
580
585
590
599
604
609
614
625
630
635
640
650
660
665
674
679
684
694
703
711
721
730
735
741
750
760
765
770
782
790
795
800
809
817
824
831
839
848
858
863
869
881
886
891
908
913
918
926
931
936
945
950
955
963
972
982
993
998


11
17
27


32
40
52
64
75
88
97
106
126
135
146
155
164
173
182
197
209
224
233
242
252
265
274
283
292
301
312
325
334
343
353
368
378
388
397
406
419
431
445
456
467
476
485
496
510
523
532
544
558
569
578
588
601
612
625
636
646
655
665
676
688
697
707
717
729
741
750
759
770
783
794
808
817
829
844
853
862
871
880
892
907
916
925
934
947
966
976
985
992


13
23


20
28
37
49
65
82
90
111
123
140
158
179
196
205
229
246
269
279
299
319
336
353
364
381
392
412
431
449
470
483
500
521
542
562
583
602
622
640
650
661
679
692
713
725
743
765
774
785
797
807
828
848
868
877
900
909
926
935
951
969
980
989


34
45
54
61
68
87
99
111
123
140
160
180
201
222
240
257
278
299
317
334
355
374
395
416
437
458
477
490
510
531
551
573
591
612
633
653
674
692
709
728
749
771
790
807
827
847
870
880
898
915
932
941
950
957
974
984
997


11
32
42
63
76
99
115
136
156
319
337
357
374
396
417
437
447
465
626
647
667
687
706
866
887
909
929
952
972
981
992
999


43
49
54
61
70
83
95
124
134
151
160
179
196
213
230
254
273
290
308
325
336
355
372
387
406
419
439
459
479
490
511
528
538
550
573
733
750
768
785
803
823
837
854
864
885
903
920
930
941
958
969
986
996


17
26
31


50
62
73
93
105
122
132
152
175
192
200
220
231
249
266
275
295
312
324
341
359
378
398
411
432
453
473
495
514
535
553
573
590
610
628
649
670
691
709
728
748
769
786
795
812
831
848
865
888
899
908
921
932
943
953
962
979
988


23


9
14
21
32
40
58
68
77
101
114
136
153
174
193
210
231
253
271
433
452
473
486
506
527
544
564
583
603
620
640
659
671
684
704
724
888


8
25
34
42
47
55
62


11
18
23
32
41
60
66
73
88
102
121
139
148
169
194
207
226
247
267
277
299
320
340
360
372
391
411
432
452
473
487
507
527
547
567
588
749
771
793
810
831
851
871
892
909
928
941
962
981


11


30
43
54
67
74
88
98
110
122
140
153
172
192
213
234
245
266
286
304
321
341
358
378
399
420
441
462
483
504
527
547
566
587
749
768
788
809
830
994


9
19
38
47
70
90
110
129
140
151
169
186
209
226
237
255
276
296
316
335
355
375
394
416
438
456
476
496
517
538
699
716
880
900
921
940
967
990


32


9
20
37
46
55
65
85
106
118
139
302
314
333
354
366
387
405
425
446
465
486
503
524
544
562
726
746
766
926
945
965
986


13
23
29
35
45
209
229
246
265
274
283
304
317
331
341
359
378
396
417
577
598
618
631
652
670
683
703
723
740
753
770
782
802
821
840
859
880
900
921
938
958
978


9
16


19


9


36
43


19
28
33
52
70
80
101
123
142
163
180
200
221
242
263
282
304
326
346
367
388
409
430
449
470
490
511
532
553
572
592
614
631
651
672
693
710
730
751
772
792
812
831
852
871
892
913
930
947
964
974
993


15
29
50
59
70
83
103
121
131
143
164
183
200
217
229
248
269
278
299
321
341
358
379
400
419
440
460
482
503
522
542
559
580
601
622
642
665
686
707
728
749
766
787
806
827
848
866
887
904
925
946
958
976
995


18
29
36
43
54
61
68
81
92
99
109
121
128
139
146
153
160
167
178
189
201
208
215
222
232
242
249
262
269
276
288
298
305
312
322
334
341
350
364
371
381
396
408
422
432
439
459
466
473
481
493
500
509
516
523
535
548
560
567
579
589
599
606
617
628
639
650
657
668
681
690
701
709
717
726
738
748
756
763
770
777
788
799
812
819
826
833
845
853
869
876
883
890
897
904
911
920
927
934
947
954
961
968
976
983
992


20
25
32
41
46
54
65
70
76
83
90
95
100
108
113
121
126
135
142
147
156
162
167
172
181
190
196
205
210
216
225
234
239
246
251
260
268
274
282
287
295
305
310
316
321
326
335
340
345
350
355
364
369
374
382
391
403
408
416
421
426
434
444
449
460
469
474
481
486
492
501
507
512
517
523
531
542
551
556
561
568
574
579
587
592
597
609
614
621
631
639
649
655
660
665
672
678
689
694
699
705
710
715
721
726
731
741
746
751
756
761
766
773
783
788
793
802
807
812
817
825
834
841
846
851
856
866
871
876
881
895
900
905
914
925
930
944
949
956
961
971
976
981
986
995


11
22
29
36
47
58
72
80
87
97
110
123
133
140
151
167
174
181
188
199
208
215
222
234
245
252
262
276
283
290
298
305
312
325
338
347
354
361
374
386
393
400
407
418
425
436
447
454
461
475
482
489
496
507
519
526
533
540
547
560
571
581
588
595
604
615
622
629
636
647
662
669
676
685
698
705
712
719
726
738
748
765
772
779
786
793
805
815
838
845
852
859
866
880
887
894
906
913
920
927
934
943
959
966
973
983
993


49
59
70
82
92
101
111
121
133
142
152
164
181
190
202
211
220
233
242
252
259
2940
960


21
31
41
54
63
76
86
95
114
124
133
154
163
184
208
237
248
267
284
303
323
344
365
387
409
429
591
612
634
654
676
838
859


13
25
44
56
68
78
88
95
104
121
130
150
169
192
210
228
248
269
290
309
328
350
370
391
408
429
449
468
489
510
532
553
574
595
614
635
652
675
696
716
737
754
918


8
16
29
41
54
72
82
91
108
129
149
166
188
207
227
248
269
290
311
332
353
372
393
413
576
597
617
638
802
967
979


14
33
55
76
97
118
138
159
177
194
215
233
254
274
293
313
334
355
520
541
560
580
597
761
780
800
817
838
855


8
26
44
61
73
90
105
117
137
154
317
338
502
666
830
849
870
891
912
934


8


12
25
34
41
48
61
80
97
114
135
156
177
340
360
523
689
854


20
33
45
51


29
40
49
60
78
98
119
136
153
173
193
214
231
241
261
282
301
321
342
504
524
544
563
583
603
624
787
808
829
993
998


7
18


7
16
23
30
41
46


21
30
37
43
52
62
70
75
80
87
92
98
104
109
114
119
124
133
143
148
153
160
168
180
189
194
201
211
223
228
233
238
243
254
259
264
272
283
288
297
302
307
312
317
322
327
336
341
346
352
360
369
374
383
392
399
404
409
419
428
436
441
446
455
465
470
475
482
492
500
505
510
518
523
529
534
540
545
550
558
567
574
585
590
598
608
617
622
627
635
647
652
657
663
671
676
681
691
702
708
713
722
727
732
741
750
755
761
766
775
783
794
800
806
811
816
822
833
838
843
848
857
862
867
880
889
894
899
904
912
923
929
934
940
957
962
967
972
977


11
17
27


32
40
52
64
75
88
97
106
126
135
146
155
164
178
188
197
206
215
224
239
248
257
268
278
287
296
309
325
334
343
353
366
375
388
399
411
421
431
445
458
470
479
491
504
513
523
538
552
564
577
590
599
609
625
634
643
655
668
681
690
702
714
723
734
746
757
770
783
794
809
818
827
841
851
862
871
880
889
905
915
924
931
941
950
960
969
978
983
991


13
23


20
28
37
49
69
90
111
134
146
163
174
191
200
221
234
254
271
289
308
325
342
364
381
393
402
419
440
459
480
499
523
544
565
574
595
612
622
640
651
673
694
713
725
743
768
785
804
816
834
854
873
898
919
936
946
959
986


34
45
55
72
81
89
106
119
131
144
153
174
192
205
222
231
251
263
280
297
318
331
350
368
388
407
429
446
466
487
508
528
547
558
575
593
613
634
653
674
692
709
729
749
769
791
813
834
855
872
885
896
913
924
941
950
975
997


11
32
42
63
76
99
111
128
137
148
169
190
214
224
237
257
266
283
301
320
332
353
370
391
401
421
440
452
471
488
511
532
554
574
595
615
636
658
678
696
714
735
755
772
789
806
823
836
857
875
894
914
932
952
972
981
991


43


17
26
31


50
62
72
83
100
117
132
153
164
181
192
201
220
239
399
411
432
449
468
489
508
528
549
566
588
605
626
644
667
689
709
721
739
759
779
795
812
831
848
865
879
888
906
915
932
942
960
983
994


23


9
14
21


8
14


11
18
23
31


11


30
43
57
67
75
88
97
110
120
137
158
177
194
207
228
247
267
284
296
309
330
351
372
391
410
428
447
467
487
506
527
547
567
579
600
618
630
650
671
690
708
722
743
764
924
946
966
983


9
20
28
45
66
75
85
104
114
140
150
159
178
197
219
240
260
278
299
319
339
358
379
399
418
580
741
762
782
801
814
834
853


32


9
20
33
54
75
238
399
419
439
457
478
495
508
531
552
570
589
610
631
652
671
689
710
730
750
770
790
807
824
841
862
879
898
919
937
959
979
991


13
22
35
41
46
55
74
89
107
120
131
144
166
183
194
211
229
246
265
278
296
313
333
352
367
388
409
573
591
603
623
643
663
825
846
867
887
907
924
936
958
975
995


9
16


19


9


36
50
59
70
79
99
122
143
164
183
202
211
228
248
269
290
311
328
345
364
385
406
423
443
463
484
504
525
545
565
587
604
625
646
667
684
705
726
747
764
782
803
824
845
867
877
906
923
940
949
969
989


19
29
35
47
67
88
105
118
127
147
171
192
204
225
244
265
285
306
328
348
512
533
698
719
732
753
773
790
811
831
852
869
889
912
925
942
952
969
978
995


15
29
49
70
83
100
110
123
144
165
183
204
223
240
261
275
294
318
338
358
379
399
419
440
461
482
503
522
543
560
581
601
622
639
660
680
702
722
743
764
924
937
959
976
998


18
29
40
50
61
68
78
86
93
104
111
118
125
137
144
153
160
167
179
191
198
205
212
219
232
242
249
256
263
270
283
290
297
304
311
318
328
335
342
353
360
367
374
381
396
403
410
417
430
437
444
456
465
478
485
492
500
507
516
528
539
555
562
569
578
591
598
605
615
626
634
642
655
666
677
690
702
716
724
731
741
750
757
765
778
788
796
803
810
817
824
834
850
861
868
875
882
894
914
921
928
935
942
950
957
968
975
983
992
999


20
31
41


11
22
29
39
51
59
70
80
90
100
107
114
124
139
146
153
160
172
179
186
193
200
207
217
228
235
242
249
256
270
277
284
297
304
314
327
334
341
351
363
374
386
401
408
415
424
435
442
453
460
467
479
486
493
500
507
521
528
535
542
549
556
566
581
594
608
620
627
634
646
662
669
676
685
698
705
712
719
726
733
742
755
766
773
780
787
796
810
817
824
839
853
865
872
879
886
899
906
914
921
928
935
944
951
958
969
976


49
60
71
84
93
102
114
127
136
145
157
172
181
195
204
213
228
237
247
256
266
275
284
293
305
325
337
349
359
370
383
398
408
421
433
442
455
468
483
494
504
517
533
544
556
572
585
596
610
623
634
646
660
672
681
690
702
715
727
744
753
764
776
793
802
812
826
838
847
856
869
884
893
902
916
929
938
947
956
963
972
988
998


12
26
35
44
57
67
86
98
110
127
148
165
183
200
221
238
255
276
296
316
338
360
382
403
425
446
468
487
508
528
547
567
587
608
629
649
669
690
711
731
751
772
792
813
973
986


10
22
31
44
61
84
105
125
147
169
190
210
230
247
268
293
312
332
352
373
392
411
433
597
619
640
660
681
698
715
736
896
916
941
961
978
995


9
17
26
32
42
51
60
65
70
77
82
93
103
108
114
122
128
137
142
150
161
166
174
181
190
202
207
212
217
226
236
241
246
255
262
267
273
279
284
291
300
309
314
327
333
342
351
361
367
372
377
385
390
400
410
415
421
430
440
445
450
455
460
465
470
475
483
493
498
507
516
521
526
535
546
555
560
565
570
575
584
594
600
609
614
620
625
630
639
648
657
666
675
680
688
696
701
707
716
725
735
743
748
754
759
765
774
783
792
801
806
817
828
833
838
843
851
861
871
876
882
895
900
912
918
923
932
941
948
966
971
980
985
993


9
21
31
38
49
60
70
82
89
100
112
120
134
141
148
160
171
182
189
196
203
210
217
224
231
240
252
259
267
280
289
296
303
315
323
336
343
350
357
366
373
382
389
401
408
415
422
429
440
450
462
469
476
489
497
505
515
524
535
546
554
561
568
581
593
601
608
622
629
636
648
659
667
674
682
691
700
707
714
721
733
740
747
758
773
780
787
795
804
817
824
831
839
849
856
863
871
878
885
892
899
906
913
920
927
954
961
968
976
984
994


12
20
41
52
72
84
106
115
135
148
173
193
213
234
254
276
296
319
337
357
376
385
402
415
435
455
478
498
516
537
558
578
599
617
639
658
680
700
722
747
766
779
800
817
830
842
859
877
887
908
921
938
955
972
981
992


14
33
54
67
84
93
114
132
153
170
191
211
231
251
272
291
311
332
353
374
395
412
434
595
758
779
802
964
988
997


11
24
30
41
51
60
78
97
105
125
146
163
182
203
224
242
255
276
297
318
338
360
381
402
425
443
464
484
505
526
546
567
586
606
626
643
664
685
709
730
896
919


21
31
41
54
63
80
97
114
131
140
154
167
189
210
232
253
271
290
310
330
351
371
392
413
433
453
474
495
516
536
557
578
598
619
782
803
824
844
861
878
899
920
937
954
964
973
982
993


13
24
44
56
66
87
104
121
130
139
158
177
198
218
237
257
266
283
302
466
486
508
528
549
570
591
613
633
654
675
696
716
736
757
777
798
962


8
16
23
31
48
61
82
91
108
129
149
166
188
207
227
248
269
290
311
328
347
367
530
551
572
591
612
633
652
673
694
714
735
755
774
795
816
977
994


14
37
50
72
84
102
115
134
155
176
193
214
232
253
273
437
458
479
501
521
541
562
580
601
619
640
661
682
703
724
744
905
926
943
966
986


8
26
44
61
73
90
107
116
136
157
178
199
363
384
405
425
446
466
629
650
668
689
707
871
892
910
931
961


8


12
19
40
53
72
93
114
135
156
177
194
213
233
254
273
436
456
477
498
518
538
701
714
877
898
909
929
946
969
992


20
33
45
51
58
77
86
103
124
136
157
175
193
210
231
251
272
293
314
335
499
516
533
553
717
881
903


29
40
49
60
78
98
120
137
146
159
180
198
219
240
260
281
301
465
485
506
526
687
705
726
886


7
18


7
16
23


21
30
38
46
51
59
64
69


11
17
27


32
40
53
63
75
88
97
106
117
133
142
153
170
179
188
197
206
215
224
238
247
256
271
283
293
302
312
321
330
339
348
359
370
381
390
399
412
421
431
445
456
467
476
485
495
506
522
531
540
552
564
576
587
596
609
623
633
643
655
664
673
684
695
707
719
728
737
749
762
776
788
797
809
822
832
841
854
869
878
887
904
913
922
943
952
962
969
978
983
990


13
23


20
28
37
49
68
90
111
134
145
168
188
209
231
241
262
279
299
317
335
352
372
381
390
400
412
431
441
450
472
484
505
514
534
556
574
598
615
633
642
663
682
694
708
726
743
760
778
796
817
834
851
868
890
907
917
928
937
948
960
981
991


34
45
54
61
80
92
110
125
142
162
174
192
205
222
231
251
273
292
311
328
340
361
381
401
410
421
442
459
477
498
518
678
698
718
737
897
914
926
941
950
967
986
997


11
32
42
63
76
99
116
137
150
163
181
199
362
383
394
411
431
451
471
488
506
527
548
569
586
599
617
637
657
677
690
851
862
875
892
912
932
941
953
964
973
992


43
49
54
61
70
83
95
120
137
148
169
180
197
216
229
246
259
276
293
310
327
347
360
377
394
414
427
450
470
490
511
524
544
566
585
605
624
642
664
684
701
722
739
756
776
797
816
837
861
878
896
914
937
954
963
978
996


17
26
32
37
46


50
62
73
93
110
119
139
152
169
192
201
219
247
264
285
298
315
326
348
369
389
410
429
447
468
489
509
526
690
708
728
748
765
782
794
816
833
845
862
871
888
906
925
944
962
972
986


23


9
14
21
31
42
49
68
81
101
114
136
153
174
194
215
235
253
274
294
458
475
494
514
535
554
574
584
605
625
643
663
684
704
721
889
906
917
935
952
973
982
999


8
25
34
42
51


11
18
31
41
61
73
88
102
121
140
157
177
194
203
224
245
265
274
291
309
332
350
370
391
408
427
448
468
488
651
669
690
711
731
749
770
789
808
830
990
995


11


30
43
56
67
75
90
110
122
140
150
171
191
216
236
247
265
283
301
319
340
360
379
400
421
442
463
475
495
516
533
554
573
594
613
635
798
818
839
857
878
895
914
931
948
966
983


9
19
43
63
84
103
124
141
151
169
186
209
230
251
270
289
312
332
353
517
538
559
578
599
618
778
795
817
981
991


32


9
20
39
60
80
101
122
136
146
156
177
194
208
228
248
270
288
308
328
347
367
388
408
427
448
465
489
508
531
696
717
738
759
779
944
965
986


13
22
35
44
55
67
75
92
114
128
147
166
178
198
220
232
243
264
283
304
315
332
345
365
377
396
416
433
453
615
636
797
818
837
859
882


9
16


19
26


9


36
45


19
28
42
51
62
82
92
112
129
142
163
180
200
221
242
263
284
304
324
344
365
386
406
427
446
456
477
497
517
537
558
578
600
621
641
660
682
703
725
745
766
788
809
829
850
871
892
913
930
947
964
974
993


15
29
50
59
80
91
103
126
135
152
173
191
212
229
247
268
289
309
330
347
367
387
407
427
591
611
632
653
672
693
714
735
755
772
792
814
836
858
877
897
915
944
961
981
996


18
29
37
47
57
66
77
87
94
101
108
123
130
137
144
151
161
176
183
196
204
211
218
225
240
249
262
269
276
288
304
311
318
328
341
349
356
368
375
382
390
401
412
431
438
445
457
468
480
495
502
509
521
528
536
546
557
570
582
595
609
620
631
644
651
662
675
684
693
707
717
726
739
746
753
760
772
783
790
801
812
819
826
833
842
849
859
870
887
894
909
916
926
933
940
955
962
969
985
992
999


20
31
40
47
54
65
70
78
84
90
97
102
107
113
118
126
135
142
147
156
169
174
184
189
194
202
208
216
225
230
235
244
256
267
273
278
285
290
295
304
313
318
324
334
345
350
355
364
369
374
382
391
403
408
415
422
427
434
439
444
449
458
467
478
483
488
493
504
515
524
531
541
546
555
560
565
570
579
587
592
597
610
615
624
631
636
644
655
660
665
673
678
685
690
695
704
713
722
729
737
744
751
756
761
766
773
783
788
793
802
811
816
821
826
835
847
852
862
867
876
888
893
898
904
909
914
919
924
933
938
943
948
953
958
966
971
984
990


11
22
29
39
50
58
72
80
90
104
111
118
125
132
143
150
157
164
172
179
186
193
201
212
225
237
244
251
259
277
284
297
304
314
327
334
341
348
356
366
379
386
399
413
420
427
436
447
454
461
475
488
495
502
512
523
530
537
544
553
566
573
580
587
596
611
628
635
646
662
669
676
685
698
705
713
726
740
748
762
769
776
785
796
803
810
819
832
839
847
858
865
872
879
886
899
906
913
920
927
934
942
958
965
972
983
992


49
59
70
82
95
107
118
135
144
153
166
181
191
200
211
220
229
242
259
268
275
284
293
305
322
331
340
349
361
370
379
388
401
413
426
438
448
458
472
484
498
511
520
531
546
557
566
577
590
602
616
629
639
652
662
671
684
696
707
718
735
744
756
767
778
787
796
807
821
830
839
848
859
868
877
890
902
917
927
936
946
954
963
973
988
997


12
26
190
202
223
244
263
284
302
322
343
364
383
400
422
439
459
476
497
518
537
548
568
589
609
630
650
670
691
701
722
743
765
786
806
828
846
865
887
907


10
19
31
44
54
73
96
118
282
300
464
628
649
670
834
851
869
882
904
923
941
960
970
997


9
14
19
28
33
38
44
53
62
71
80
89
94
99
108
114
122
127
135
143
155
160
166
176
186
192
201
206
219
228
237
242
247
253
265
273
278
283
291
301
309
315
325
330
339
350
356
366
371
376
382
390
399
410
415
421
430
440
445
450
455
460
465
474
482
491
498
507
515
520
527
534
542
551
561
571
582
587
592
597
602
610
619
626
635
643
651
660
665
673
682
687
692
697
706
716
721
726
731
736
746
754
765
776
781
786
792
801
806
813
818
823
832
843
852
861
866
871
882
887
892
899
910
927
932
938
943
948
957
962
967
973
981
988
995


9
20
30
37
48
63
70
83
90
101
112
122
135
142
153
160
170
179
193
200
207
214
221
234
252
259
266
273
288
295
302
309
320
328
335
342
355
363
374
387
397
409
420
428
435
442
450
462
469
478
490
502
513
524
532
542
552
559
567
577
592
599
606
613
620
627
640
647
654
664
675
682
689
698
710
717
725
732
739
749
760
773
780
787
795
807
824
831
838
849
856
863
870
879
891
907
914
921
928
946
953
960
971
989
996


12
20
31
41
52
72
84
106
115
135
148
174
193
213
234
252
273
293
314
324
337
356
376
397
415
436
456
467
489
510
531
552
574
595
614
636
656
674
697
718
738
760
769
781
802
815
834
859
876
888
903
921
930
950
972
985


14
26
48
67
88
105
127
144
153
176
197
218
238
259
280
444
461
625
789
952
969
988
997


11
24
33
42
63
73
86
99
120
137
158
180
197
214
223
244
264
285
306
326
347
368
389
414
434
454
475
495
516
537
557
720
740
760
782
803
824
844
864
881


21
32
43
50
62
79
98
119
136
145
162
183
208
236
400
422
444
465
487
508
527
547
567
588
609
627
648
669
690
710
731
751
772
793
814
835
852
874


13
24
44
56
68
78
88
97
104
121
130
150
174
199
220
237
257
266
283
308
330
351
368
532
552
573
594
614
635
656
675
696
716
737
897
918
940
957
971
989


8
16
29
41
54
74
91
100
121
130
151
171
192
212
233
254
274
294
315
333
354
376
397
417
438
458
622
643
807
828
850
871
892
912
929
949
969
991


14
33
54
74
95
115
136
148
170
190
210
230
251
272
293
313
334
355
376
395
559
578
597
761
921
943
964
984
993


8
26
43
52
59
76
237
258
279
439
600
621
642
661
821
981


8


12
25
32
39
48
60
80
97
114
135
156
177
341
361
525
546
710
730
894
911
932


20
33
45


29
40
49
60
70
87
98
119
136
153
315
335
356
377
398
417
437
458
479
499
519
682
703
864


7
18


7
16
23
30
41
47


21
30
37
44
51
60
65
70
78
90
95
104
109
114
119
124
131
140
148
161
167
172
180
191
196
201
211
223
228
233
238
243
252
257
262
267
272
281
286
291
300
310
315
320
329
334
339
344
349
354
359
364
371
380
391
396
401
408
413
419
425
430
435
443
448
454
464
476
481
486
494
499
509
518
523
529
534
539
544
552
561
566
572
580
585
590
599
604
609
614
625
630
635
640
650
655
660
665
675
680
689
694
699
704
711
720
727
732
737
742
747
752
760
769
777
782
787
793
803
808
814
823
833
838
843
848
857
862
867
876
881
886
891
900
905
910
919
930
935
940
947
954
964
972
981
989
994


11
17
28


32
40
55
66
75
88
97
106
124
135
144
153
166
181
190
200
209
218
230
246
256
270
279
288
298
307
319
329
342
353
366
375
388
399
412
421
431
445
456
467
480
491
505
519
528
538
547
559
573
584
595
609
626
636
649
664
676
685
695
707
717
728
741
754
766
778
791
802
815
824
834
848
857
869
878
887
905
914
923
932
941
956
965
972
979
991


13
23


20
28
37
49
69
90
106
115
123
141
161
182
200
210
231
252
269
278
298
317
340
359
380
398
417
440
457
475
496
514
525
544
557
566
586
606
626
647
665
682
694
715
737
758
768
785
804
816
834
856
877
894
911
929
938
959
987


34
45
54
61
80
101
114
131
140
159
172
189
206
217
230
250
273
292
311
328
340
361
381
402
423
585
606
626
645
665
686
698
717
735
754
774
792
809
829
846
858
877
895
910
934
957
975
997


11
32
42
63
76
99
116
136
156
319
337
356
368
385
408
419
440
460
478
497
516
536
556
575
596
616
636
657
677
696
714
731
748
769
790
808
829
849
867
884
894
914
931
940
952
970
980
997


43


17
26
31


50
62
71
92
110
119
138
160
169
192
201
220
231
249
266
276
297
319
336
353
364
384
401
418
438
459
480
503
523
534
555
572
593
604
624
644
668
831
848
865
888
905
922
932
943
953
966
985
993


23


9
14
21
31
42
49
68
81
101
114
136
153
174
194
215
379
391
411
431
450
467
479
499
519
540
561
582
602
622
643
663
684
704
721
885


8
25
34
42
51


11
16
25
31
41
60
65
74
86
95
117
138
147
169
194
207
227
248
268
288
306
327
348
369
390
411
428
448
468
488
509
528
691
712
734
755
776
936
958
975
994


11


30
43
52
65
75
88
97
103
120
137
159
177
194
207
229
250
267
288
311
332
353
372
391
410
429
447
611
623
642
662
680
840
859
880
893
912
931
951
960
973
983


9
19
45
66
75
85
103
114
131
140
149
169
186
203
222
242
262
283
302
323
342
362
382
399
419
438
460
480
499
517
538
699
864
885
906
929
949
967
987


32


9
20
33
54
76
96
105
126
139
156
177
194
210
232
251
268
288
308
329
347
367
388
408
427
448
465
485
648
668
689
710
728
750
770
930
947
959
979
991


13
23
29
36
49
56
68
85
98
115
130
150
168
178
198
219
243
264
284
304
314
333
350
369
388
406
426
447
466
479
500
520
540
559
581
745
768
932
945
962
967
979
996


9
16


19


9


36
50
59
77
97
117
126
146
168
186
207
229
243
264
281
303
312
332
353
374
391
409
429
447
468
489
510
531
551
572
593
612
635
655
674
695
715
736
756
776
798
819
839
859
877
906
923
940
949
969
990


19
28
43
52
64
82
99
116
135
156
177
194
213
234
254
275
297
317
337
357
378
400
421
442
462
483
503
515
532
553
573
594
754
914
935
952
969
978
995


15
29
49
70
83
97
114
131
148
157
178
199
217
226
247
270
291
303
320
339
358
379
400
419
440
461
481
502
521
542
562
583
746
906
924
934
955
972
995


18
29
40
50
61
68
80
92
99
109
124
137
151
159
166
173
180
189
201
208
215
222
232
242
249
256
263
270
285
292
299
314
321
330
337
347
355
362
369
376
383
394
408
415
422
429
436
448
464
471
478
491
498
508
519
526
533
544
551
558
565
573
585
592
603
613
624
634
642
655
665
676
683
690
699
707
719
726
736
750
757
764
774
785
793
805
819
831
838
848
861
868
875
883
890
897
904
911
921
928
942
949
957
965
973
980
988
997


20
25
32
38


11
22
29
36
49
58
72
79
86
97
110
119
126
134
146
153
160
169
179
186
193
200
207
218
228
235
242
249
256
270
277
284
297
308
315
322
333
345
352
359
368
382
393
400
407
416
428
440
449
456
464
475
488
495
504
512
519
526
537
549
556
563
571
583
594
606
615
622
629
636
647
662
669
676
685
698
705
712
719
726
733
741
755
762
769
777
784
791
798
806
814
821
828
835
842
849
856
869
887
894
901
908
915
922
929
936
944
951
958
967
974
981
988
999


49
60
70
83
93
102
111
123
132
141
154
163
172
181
195
204
213
224
233
242
251
258
271
282
297
306
315
329
342
356
370
385
398
408
421
432
446
459
472
484
497
507
520
531
544
553
565
577
590
602
616
629
639
652
665
674
687
700
713
725
741
750
763
776
789
798
807
824
833
842
851
860
869
884
902
911
920
929
939
948
957
966
981
990
999


12
26
35
44
55
68
82
99
116
124
141
162
184
201
222
243
263
286
297
318
335
346
365
388
405
416
437
458
476
496
516
535
699
719
740
761
782
799
819
841
859
882
900
920
941
958
980


10
19
30
51
72
90
109
135
152
169
190
210
230
247
267
288
308
327
348
367
386
405
424
444
465
485
507
528
546
567
587
608
625
643
661
682
703
722
743
905
922
941
962
975
992
997


9
18
27
32
37
50
60
65
74
83
89
97
108
115
124
129
138
143
152
157
164
173
187
192
198
206
219
226
236
241
246
263
268
273
278
286
291
300
309
316
322
328
333
339
348
354
361
366
375
380
389
397
405
414
422
433
445
450
455
460
465
475
484
489
494
499
507
516
521
529
539
544
552
561
569
574
579
586
594
602
610
619
626
635
643
653
658
663
668
673
682
691
696
701
707
712
718
728
736
748
753
758
763
771
780
786
795
807
817
826
831
839
848
853
858
866
874
882
887
892
897
910
927
932
937
942
947
954
963
968
980
985
990
995


9
20
31
42
53
61
70
83
90
101
112
122
130
137
148
163
174
181
189
201
215
224
234
251
258
267
274
283
296
303
310
317
324
334
346
354
361
374
386
397
409
420
428
436
446
453
460
472
483
494
506
516
527
534
541
552
559
567
577
590
603
610
617
625
640
647
654
664
678
685
699
706
713
725
733
740
747
758
769
776
783
790
797
806
817
825
832
844
851
861
868
875
882
892
899
906
913
929
936
943
950
957
968
975
983
994


12
20
31
44
56
69
79
91
113
134
148
174
192
213
234
252
272
286
308
329
346
365
385
405
429
447
467
488
508
529
550
562
582
602
622
643
663
674
697
716
725
738
760
774
794
811
828
841
863
880
897
918
936
946
972
989


14
33
54
76
94
114
134
155
179
200
220
242
265
285
304
327
349
370
390
411
432
452
472
636
656
677
696
717
727
889
906


11
24
29
35
40
49
57
77
89
111
133
150
163
182
203
224
241
263
284
304
322
340
361
381
402
422
443
464
628
648
668
689
709
873
895


21
31
41
54
63
80
92
111
130
148
165
187
208
238
257
275
296
318
339
360
381
402
422
441
462
483
503
524
545
565
586
606
626
791
812
833
852
873
897
914
936
953
970
983
993


13
25
44
56
68
78
88
95
104
121
127
149
169
187
204
225
246
267
288
309
321
343
364
384
405
426
448
468
489
510
531
552
571
735
755
776
941
963
984


8
16
23
32
42
54
72
89
107
128
149
171
192
212
233
254
274
294
315
336
357
377
397
417
438
455
617
638
659
822
983


14
33
43
60
80
101
121
142
163
182
345
363
384
404
424
445
609
769
934
955
966
986


8
26
44
61
73
82
93
114
133
153
175
196
359
380
401
421
441
605
622
787
808
828
849


8


12
19
40
46
70
90
112
276
296
315
336
357
376
397
414
435
456
477
498
661
681
844


20
33
45
51
58
77
86
103
124
141
162
326
347
367
388
552
716
736
757
778
939
959
985


29
40
49
60
69
87
100
123
286
307
328
347
368
530
550
713
877
900
917


7
18


7
16
23
30
42
60
70
82
87
97
108
117
126
144
161
178
191
209
233
250
261
282
300
312
332
347
358
377
396
405
425
444
465
482
503
525
542
559
568
588
608
770
790
810
831
850
867
887
908
930
939
953
963
980
989


21
30
37
44
52
62
67
72
82
87
92
104
109
114
119
124
133
147
156
161
168
176
181
193
201
212
217
223
228
234
243
254
263
272
282
287
296
304
312
317
322
327
338
344
349
354
359
364
371
380
391
396
401
408
419
430
435
442
447
452
457
465
470
475
482
492
500
505
510
518
523
529
534
539
544
552
561
567
572
579
588
593
598
603
608
613
619
627
636
641
646
652
663
674
683
688
695
703
710
721
727
732
741
750
756
761
766
774
782
793
799
807
812
817
826
833
838
843
848
858
867
881
886
891
904
909
914
923
934
939
948
955
965
972
982
993
999


11
17
27


32
40
48
58
67
76
86
98
112
122
131
144
157
172
181
190
201
214
223
233
242
252
265
278
287
296
309
325
334
343
353
366
378
388
398
411
426
435
445
456
465
474
487
500
515
524
535
544
559
573
582
595
607
619
632
643
655
668
682
691
702
714
727
739
751
762
776
786
797
809
822
832
844
854
865
874
883
897
907
916
925
934
943
965
976
985
992


13
23


20
28
37
49
65
82
92
113
123
140
160
182
200
210
231
252
269
279
296
317
340
360
381
390
401
414
425
442
464
484
501
521
542
563
584
602
622
640
650
663
682
699
720
737
748
765
777
796
817
839
858
877
898
919
936
944
961
971
980
989


34
45
55
72
81
89
106
119
138
159
172
189
210
231
250
273
290
299
311
328
345
364
386
407
429
446
466
487
508
528
546
558
578
600
618
638
658
679
697
717
738
762
779
799
816
837
858
875


11
32
42
63
76
99
111
137
150
174
191
212
230
239
257
273
294
312
334
355
374
393
410
419
440
462
483
502
523
544
564
586
599
617
636
657
678
699
719
740
758
777
797
818
839
859
882
902
919
939
956
965
982
999


43
49
54
61
70
83
95
123
132
151
170
190
199
216
229
249
272
289
306
315
335
355
376
539
559
576
595
615
635
647
658
678
698
716
737
898
915
935
952
961
974
996


17
26
31


50
62
73
94
105
122
133
153
174
193
202
214
231
249
266
275
295
312
321
341
363
382
405
425
443
463
483
503
523
534
553
717
734
753
774
795
812
823
844
861
872
889
898
921
938
955
966
973
986
991


23


9
14
21
32
40
52
70
83
92
109
121
145
165
186
206
226
245
257
267
287
310
320
337
357
378
395
412
432
451
468
487
499
519
683
704
724
744
764
784
805
826
845
863
884
905
924
944
962
979
987
995


8
25
34
42
51


11
18
31


11


30
43
56
67
75
88
97
110
120
127
146
171
192
213
234
255
273
283
302
313
334
357
371
391
410
429
447
467
484
495
516
533
554
573
593
613
635
647
665
685
706
719
739
760
780
791
809
829
993


9
19
38
47
66
79
103
124
141
151
169
186
203
222
243
262
283
301
314
333
354
375
392
412
431
452
471
492
512
532
553
572
593
756
778
796
960
982
991


32


9
20
37
46
55
65
85
105
126
136
146
156
177
194
210
228
248
268
288
307
328
347
367
388
410
431
593
755
772
936
946
959
979
991


13
22
29
36
49
56
68
85
98
115
130
151
168
178
198
219
243
264
284
446
466
485
500
520
539
701
719
739
901
921
938
959
977
995


9
16


19


9


36
43


19
28
33
52
64
81
88
105
126
143
162
186
207
228
245
266
287
308
329
350
370
391
408
425
445
467
485
506
523
542
563
584
605
625
646
658
679
700
721
738
755
773
795
817
836
857
876
898
918
935
952
969
978
997


15
28
37
54
71
91
110
123
144
165
190
207
224
237
257
277
294
317
335
352
372
393
413
432
453
475
495
515
677
698
718
738
759
776
797
819
840
859
880
899
916
928
941
960
970
981
998


18
29
36
43
56
67
76
86
93
104
111
118
125
137
152
159
166
173
180
190
197
206
217
224
232
239
249
262
269
276
289
304
311
318
328
340
353
360
367
374
381
396
403
410
417
428
436
448
455
462
470
481
495
509
516
523
530
539
550
557
564
573
583
595
607
614
621
631
646
656
669
681
690
702
709
716
725
736
744
751
760
774
784
796
808
819
829
836
843
850
861
876
883
890
897
904
911
920
927
934
941
955
962
969
978
985
992


20
25
33
41
46
55
60
65
74
79
84
89
94
100
105
110
118
123
128
136
142
151
156
167
172
179
184
189
194
199
205
211
216
225
230
237
245
251
256
265
270
277
282
287
295
304
311
316
321
326
335
340
345
355
364
369
374
382
391
397
402
407
413
423
432
442
447
452
460
469
474
481
486
492
502
507
514
519
524
529
534
542
551
556
561
569
574
579
587
597
610
615
620
625
631
640
652
658
665
673
678
683
688
693
698
705
713
721
732
737
742
747
754
763
773
782
793
798
803
809
816
825
833
838
844
850
859
864
869
878
888
903
908
918
923
928
937
942
951
959
965
970
977
997


11
22
29
40
51
58
65
72
83
90
105
112
119
129
143
154
169
176
184
195
207
214
225
237
249
256
264
271
278
288
300
307
314
326
339
351
363
374
387
399
410
422
429
436
447
454
461
475
482
489
496
509
521
531
538
545
555
562
569
576
589
596
603
610
617
628
639
661
668
675
683
698
705
712
719
729
741
755
762
769
777
784
791
798
806
820
833
840
850
864
880
887
894
906
922
929
936
946
953
960
967
974
998


49
60
71
87
96
107
118
135
144
153
164
181
190
197
207
216
229
242
260
269
278
292
313
322
331
344
359
368
377
392
406
425
434
443
455
464
478
492
504
517
529
541
553
564
573
585
596
610
619
629
639
652
665
674
687
702
715
727
736
745
754
767
778
788
802
812
824
833
842
851
860
869
882
891
902
917
927
936
945
956
965
974
983
992


12
26
35
42
54
63
75
98
110
127
141
163
184
201
222
243
263
286
303
322
343
363
376
397
414
434
456
476
497
518
537
551
572
593
614
635
798
818
837
859
882
900
920
941
958
980


10
22
31
44
61
83
96
118
282
303
325
346
359
379
400
418
437
457
479
500
521
541
559
576
738
760
781
801
970
998


9
18
27
33
38
43
51
56
64
74
80
85
92
99
108
114
122
128
137
142
151
160
167
176
186
192
201
206
214
221
228
238
244
253
270
275
281
286
291
299
308
314
320
325
330
339
351
356
366
371
376
382
390
399
410
421
430
435
440
445
450
459
467
472
480
489
498
507
515
520
525
530
539
548
553
560
569
580
585
595
604
615
623
631
640
651
660
667
678
683
688
698
703
708
713
720
730
735
743
748
756
765
774
781
789
794
803
808
813
818
823
832
844
852
857
862
871
876
882
895
900
909
914
919
927
937
942
947
955
962
967
973
978
983
992


9
21
33
41
52
62
75
84
100
107
114
121
128
139
146
153
160
167
174
191
198
205
212
224
235
246
253
261
268
276
283
290
297
304
311
323
336
347
354
361
374
384
394
404
415
422
429
438
445
452
463
473
483
490
497
508
521
535
542
549
556
563
572
583
591
598
608
623
630
640
647
654
661
671
682
691
700
715
728
735
742
749
758
769
779
792
799
806
818
834
841
848
856
863
870
877
887
899
906
914
921
928
957
964
971
981
988
997


12
20
41
51
58
69
89
101
124
143
157
172
185
206
227
249
270
287
300
320
341
351
371
393
413
428
451
472
481
493
505
519
536
553
573
594
614
633
645
666
687
708
725
738
756
776
793
805
822
833
845
862
872
893
911
928
945
958
971
999


14
33
54
75
95
112
129
152
171
192
213
233
254
418
438
457
478
497
520
541
704
724
744
767
784
804
824
841
862
883
904
921
944
965
988
997


11
24
29
40
49
57
77
89
111
134
152
169
182
203
222
233
254
275
295
316
337
358
380
402
424
443
464
484
506
527
547
568
589
610
773
793
814
835
856
877
897
918
939
958
983


21
31
41
54
63
80
97
109
126
135
154
163
180
191
212
233
253
275
296
318
339
360
381
401
564
583
604
767
787
804
964
982
993


13
24
33
42
51
56
68
78
88
95
104
121
130
149
168
187
208
226
247
269
281
300
321
340
361
381
400
421
442
607
628
648
669
689
710
731
751
770
791
810
831
853
873
894
916
938
955
964
984


8
16
29
42
54
72
90
108
129
149
166
189
207
227
248
269
290
313
333
354
374
395
416
435
599
617
781
801
822
983


14
37
50
72
84
102
121
142
163
190
208
229
250
268
280
301
322
342
363
384
404
424
445
466
486
506
526
547
569
589
610
628
649
670
689
710
731
895
916
937
949
968
986


8
26
44
61
73
90
105
116
136
157
178
199
221
244
264
285
306
327
348
512
532
696
856


8


12
25
34
41
48
61
80
97
114
135
156
177
194
214
234
254
273
294
315
479
642
662
827
846
867


20
33
45
209
222
243
265
285
306
327
348
512
532
553
716
736
757
778
944


29
40
49
60
70
87
100
123
286
307
329
347
368
388
409
431
452
472
636
800
820
839


7
18


7
16
27
44
50
56
65
77
84
95
114
126
139
146
163
180
191
213
223
240
261
281
300
317
330
352
372
389
399
420
437
454
473
493
513
535
559
576
593
614
635
655
665
682
702
726
739
751
770
789
810
833
851
873
893
910
920
930
939
953
970
989


21
26


11
17
27


32
40
49
54
67
80
89
98
107
117
132
141
153
170
179
188
200
209
218
230
246
256
273
283
292
302
314
327
336
345
358
370
383
397
406
419
428
442
453
466
479
491
505
515
524
533
544
555
567
582
596
607
621
633
646
658
668
680
689
702
714
728
741
754
767
778
791
804
816
828
837
846
861
870
879
888
897
906
915
924
931
941
950
960
969
978
983
988


13
24


20
28
37
49
69
90
111
134
146
167
188
205
224
234
254
271
289
308
327
344
353
364
381
393
414
431
441
460
479
499
521
539
556
574
595
614
633
653
673
682
694
717
737
759
768
789
807
828
847
867
877
901
919
936
949
957
971
987


34
45
55
73
82
103
129
146
153
174
192
205
222
231
241
262
273
295
312
324
345
362
383
402
423
586
606
626
645
654
675
692
712
732
741
762
785
802
822
843
860
872
889
910
931
950
967
986
997


11
32
42
63
76
99
115
136
156
173
192
216
237
257
266
283
300
319
336
345
356
368
385
406
417
437
447
468
486
511
531
552
573
593
611
632
653
673
694
711
731
752
770
790
810
829
848
869
888
909
929
952
970
980
991
997


43
49
54
61
70
83
95
120
137
148
169
179
196
213
230
251
272
289
306
314
335
355
374
394
413
434
456
477
494
516
538
557
576
595
614
633
651
669
689
698
717
737
750
771
789
810
829
846
863
883
903
920
930
943
956
965
972
995


17
26
31


50


23


9
14
21


8
25
34
41
47
55
68


11
18
31
42
51
56
64
81
102
121
138
147
169
188
197
214
235
255
276
300
321
340
362
380
400
561
581
747
768
778
795
817
834
854
871
892
909
928
941
962
981


11


30
43
52
65
75
90
109
117
129
150
171
192
213
234
255
273
283
302
314
335
356
374
392
410
429
448
468
486
506
527
547
567
579
599
619
638
655
818
839
857
878
899
923
940
947
956
966
983


9
19
28
45
65
75
85
104
114
135
156
177
196
218
237
250
270
289
307
327
347
366
378
399
418
580
600
765
787
805
826
846
865
886


32


9
20
39
60
80
101
110
131
151
169
183
201
222
240
260
425
445
463
484
501
522
542
562
583
603
616
637
657
678
698
718
739
759
776
936
956
973
991


13
22
35
42
55
74
89
107
120
131
151
168
178
198
220
229
248
265
285
304
313
333
353
370
388
411
574
594
614
636
656
676
840
859
879
899
920
937
948
969
990


9
16


19
26


9


