821.3613
787.15985
659.8124
586.3197
723.47473
575.6329
558.76764
663.659
658.0718
666.3209
571.94824
691.18994
801.10846
896.9831
886.0539
858.09216
922.7507
875.058
963.07745
913.51373
888.1042
908.2854
909.12524
914.5412
800.92334
758.5394
830.8086
554.3707
801.75964
755.2932
641.5062
660.07623
753.4005
723.1073
592.05383
808.64795
874.0337
908.515
788.1851
870.31604
747.56555
757.9237
1005.60925
791.41675
867.8453
945.8263
872.36053
886.4431
821.3613
787.1785
666.7815
571.4242
723.4587
600.2753
544.2056
656.0731
634.2751
665.48755
590.74725
576.6169
798.4608
896.98444
885.35223
858.09216
922.74994
876.2627
963.07745
913.5137
888.512
908.2854
909.1255
914.53766
800.92334
758.5394
824.76605
556.93634
798.415
755.2936
639.0625
649.75104
753.401
723.1073
590.1557
808.6529
874.0337
885.05664
865.6922
870.3211
760.00854
777.31573
1005.6224
762.65497
767.3411
945.8275
872.36053
886.44305
821.3613
630.9017
669.00775
580.6243
723.4752
610.6617
573.4337
681.6308
648.89685
659.3589
568.618
563.7929
785.9603
896.98553
886.0539
858.09216
922.7499
899.005
963.0783
913.51373
888.5127
908.2854
909.1249
914.5289
795.32806
758.5394
830.8086
540.1333
798.4151
755.2936
649.4485
655.15314
753.4005
723.1073
602.87415
808.64886
874.0337
885.6093
865.69244
870.3211
745.96533
761.38074
1005.6089
793.17786
775.2379
945.8293
872.36053
886.44305
821.3613
787.15985
681.8092
581.573
723.45856
591.076
522.0694
664.0962
657.33185
653.48834
574.462
691.18994
795.8596
896.98444
886.03876
858.09216
922.7498
874.9416
963.07745
913.51373
888.5127
908.2854
909.12524
914.5308
800.92334
758.5394
830.8086
558.71106
798.41534
755.2936
635.83105
662.012
753.40063
723.10736
583.28815
808.6503
874.0337
887.06067
790.08105
870.3177
763.1654
763.8239
1005.609
779.32404
774.90375
945.82574
872.36053
886.44305
821.3613
792.04675
654.1878
566.4973
723.4746
571.4019
572.5513
655.4225
651.1293
664.9512
598.74304
554.4487
779.9755
896.9859
886.0539
858.09216
922.75006
875.058
963.07745
913.51373
888.512
908.2854
909.12524
914.5308
795.32806
758.5394
824.76605
554.64496
798.4154
755.2936
644.7241
644.7834
753.4009
723.1073
598.1909
808.64935
874.0337
908.515
865.69196
870.3211
754.38196
773.1208
1005.61176
781.37384
773.3442
945.82587
872.36053
886.44305
821.3613
631.84406
662.94415
565.7132
723.4748
589.6493
557.70087
667.7291
647.93677
679.2595
558.164
519.69867
815.2602
896.9849
790.8841
858.09216
922.75037
874.9416
963.07745
913.51373
888.512
908.2854
909.12524
914.5308
800.92334
758.5394
824.76605
549.79517
662.6419
755.2899
637.7359
658.6728
753.4005
723.1073
593.0951
808.6487
874.0337
885.6093
865.6917
870.3211
751.49884
761.2974
1005.6122
768.51184
770.52185
945.8269
872.36053
886.44305
821.3613
787.15985
667.0568
630.9838
723.475
580.6896
561.7591
653.33777
641.86804
682.9922
599.1455
574.2004
795.58923
896.98553
912.5152
858.09216
922.7498
899.005
963.0783
913.51373
888.50964
908.2854
909.1249
914.5452
800.92334
758.5394
830.8086
539.4364
801.75977
755.2932
643.2341
653.3413
753.4011
723.10736
588.20966
808.6488
874.0337
885.6093
865.6905
870.3211
760.5452
752.36194
1005.6223
776.9874
769.30774
945.824
872.36053
886.44305
821.3613
787.15985
662.45087
595.5416
723.4748
616.1885
564.44434
660.5534
652.54395
659.5795
570.55334
691.18994
798.8269
896.98456
886.0539
772.66046
922.7497
899.005
963.0783
913.51373
888.512
908.2854
909.1249
914.5452
800.92334
758.5394
830.8086
519.3192
798.41516
755.2936
641.2414
633.08997
753.40314
723.1073
600.79663
808.64905
874.0337
885.05664
865.6919
870.3211
757.80774
766.4149
1005.612
778.06854
772.03143
945.8256
872.36053
886.44324
821.3613
787.15985
674.9869
611.80426
723.4748
554.3776
542.0284
669.59265
652.405
640.9008
602.88666
691.19
807.2678
896.9842
886.0539
858.09216
922.7498
899.005
963.0783
913.51373
888.512
908.2854
909.1249
914.53925
800.92334
758.54926
830.8086
551.4295
798.4151
755.2936
635.09283
640.47925
753.4005
723.1073
604.4038
808.6479
872.3541
885.0562
865.6924
870.3211
760.4432
752.83936
1005.61206
776.75305
782.5255
945.8254
872.36053
886.44305
821.45654
623.31274
648.8537
575.2681
723.4752
578.56366
539.79663
674.4076
666.7491
666.5005
551.3994
595.7615
798.2217
896.98517
886.0539
858.09216
922.7509
899.005
963.0783
913.51373
888.512
908.2854
909.1249
914.5289
795.32806
758.5394
824.76605
559.89453
798.416
755.2936
645.1099
653.3902
753.40027
723.1073
609.80237
808.65173
874.0337
887.88477
788.0831
870.31287
751.63745
773.8482
1005.61224
777.2281
772.28436
945.82495
872.36053
886.4481
