36
43


19
26
33
42


15
25
35
45
52
59
76
89
100
112
131
150
169
191
208
221
242
255
276
293
306
323
336
357
378
399
418
436
457
475
494
515
536
555
574
738
759
780
940
953
962
981
990


23
31
36
47
57
68
79
89
96
110
117
126
137
153
164
177
184
192
203
219
228
239
249
259
269
280
291
302
313
325
332
345
352
362
374
384
395
406
414
425
432
443
453
464
474
491
498
509
519
529
538
548
563
570
581
588
597
606
617
627
637
648
659
669
677
687
697
708
719
729
739
749
760
770
781
791
801
810
820
831
839
850
864
874
884
895
906
917
927
940
951
963
970
977
988
997


20
29
35


11
18
25
30
37
44
56
63
73
81
88
101
108
115
124
140
147
154
171
178
192
199
209
221
228
239
249
260
270
281
288
297
307
317
326
337
347
357
367
376
386
396
411
418
428
438
447
458
465
475
485
496
507
518
525
536
546
557
567
578
589
599
610
620
631
639
650
661
672
683
693
703
713
723
732
741
752
760
772
780
793
800
807
818
828
843
851
863
870
878
885
893
906
914
930
937
948
958
973
980
988
995


49
56
65
75
88
95
104
113
126
135
147
158
171
184
193
203
215
225
238
251
260
273
283
302
311
324
335
344
355
367
378
390
402
413
425
437
446
455
466
478
490
503
515
529
538
550
562
573
584
595
607
620
632
644
653
665
676
688
700
712
725
736
748
759
771
782
795
806
819
832
845
854
866
878
890
901
914
926
938
952
961
974
983
996


12
22
34
43
59
73
85
106
127
141
160
170
191
210
228
247
268
286
307
328
346
358
376
394
413
434
455
476
496
506
526
546
567
584
605
623
641
663
680
701
719
740
757
777
798
818
837
859
882
903
916
939
956
974
983
995


10
18
25
32
41
48
57
68
85
102
121
130
147
159
180
201
221
242
254
274
293
314
331
352
369
381
403
424
442
461
482
505
525
534
556
575
596
613
773
790
811
828
849
869
880
902
923
944
965
985
997


12
19
24
30
39
44
49
54
60
66
71
77
90
96
103
112
117
122
127
132
140
149
162
167
175
180
185
192
199
206
214
222
228
238
245
253
264
280
289
294
300
305
311
316
324
329
335
340
354
360
365
370
375
380
386
392
397
404
410
415
422
430
436
446
452
461
469
478
487
494
506
511
519
527
534
543
550
559
564
575
580
587
596
603
612
617
624
633
641
650
658
663
673
678
687
696
713
718
723
732
737
744
754
759
768
773
778
787
796
801
806
817
822
831
843
852
860
868
877
882
892
903
910
918
923
928
937
942
947
952
961
968
979
984
989
994
999


9
20
31
41
49
65
72
79
86
93
106
114
124
136
147
158
173
184
191
205
214
221
232
243
253
264
271
282
290
302
310
321
330
341
348
359
366
376
386
395
406
415
425
435
444
454
464
473
483
493
503
513
523
533
542
551
561
571
581
591
601
611
621
632
639
652
659
672
680
692
701
711
722
732
742
751
762
772
783
792
803
813
824
835
843
857
864
874
883
894
905
925
934
950
958
965
976
984
991
999


11
20
29
36
44
51
60
73
86
99
111
123
136
157
168
180
192
213
234
252
273
291
301
321
342
354
375
388
400
421
439
452
472
485
498
519
536
556
577
594
615
628
647
664
682
702
723
736
756
775
788
800
820
841
854
864
885
906
917
927
939
948
969
982
993


14
21
38
49
56
67
84
94
112
125
144
161
182
203
224
245
265
282
302
324
341
364
381
401
423
443
463
482
502
523
542
562
726
746
765
926


11


21
32
42
53
61
70
78
90
103
112
121
140
154
163
180
199
220
237
248
267
276
293
318
339
359
383
401
422
440
453
472
493
510
671
692
709
729
749
769
788
806
827
848
867
879
900
919
937
954
964
973
993


13


8
17


14
19


8


8


12


20


28
33


7
12
18


8


23


11
16
21


35
44
51
64
76
87
99
108
121
133
145
158
167
176
188
199
212
225
234
246
256
268
283
292
304
317
328
340
352
364
377
386
399
411
421
431
443
456
468
479
491
504
513
522
534
545
554
561
574
587
596
609
622
631
644
653
665
678
688
702
714
725
736
750
762
775
784
796
809
821
832
841
853
865
876
889
898
911
924
933
943
957
966
975
982
987
992


13
18


20


37
45
50
57
66
75
82
101
111
123
140
160
181
190
211
231
241
255
276
293
306
319
328
347
359
378
390
407
427
445
466
483
645
807
827
988
998


12
19
26
37
48
68
89
116
136
154
175
190
199
207
214
227
239
257
270
280
300
321
338
359
376
396
417
434
445
455
474
495
512
531
552
573
590
609
630
657
678
696
714
724
742
761
772
782
799
820
840
859
876
888
909
920
937
954
971
981
994


43


17
23
31


51
56
76
94
102
110
119
139
148
163
182
201
220
233
254
263
283
300
313
330
342
363
380
400
418
437
461
480
500
513
524
543
560
580
599
620
640
653
670
681
701
721
739
757
777
798
808
821
845
862
875
899
922
945
954
960
981


23


9


8
26


11
18
24


11


30
42
49
56
67
75
90
109
115
120
127
145
159
177
186
203
216
236
248
266
287
300
319
336
356
377
389
402
422
446
464
484
495
516
533
553
573
592
609
630
647
659
679
699
719
738
761
780
801
814
831
851
872
889
904
923
940
947
956
966
983


9
19
28
45
65
75
90
103
115
128
150
162
169
186
197
218
382
402
422
442
462
481
502
522
540
560
572
593
615
633
653
674
693
713
731
752
769
788
809
828
841
862
882
900
909
926
947
966
975
982


32


8
13
18


13
18
29
37
49
69
78
91
96
102
111
120
132
143
152
165
178
195
204
224
243
264
284
304
316
328
353
370
389
401
418
439
452
471
490
501
521
542
561
582
599
612
632
644
665
675
696
718
882
896
916
937
954
975
984
991


10


19
24


9


36
43


19
26
33
42


15
25
35
45
52
69
89
98
109
119
136
154
171
191
209
222
236
256
277
290
309
327
347
368
387
400
418
435
456
477
497
516
537
557
578
738
759
781
798
819
838
859
879
896
915
937
958
976
989


23
31
38
45
52
62
70
79
86
95
110
121
128
144
152
159
169
176
187
195
205
217
228
235
242
254
261
268
275
286
296
307
314
325
334
345
352
359
370
381
392
402
413
421
431
440
449
459
470
479
489
498
509
516
533
540
550
560
570
579
590
600
610
620
630
641
651
658
669
679
688
698
707
717
726
735
745
756
766
776
786
794
804
813
822
832
842
852
863
874
882
893
904
916
926
937
948
955
962
969
976
983
993


20
29


11
18
25
32
43
51
59
67
78
88
99
111
127
134
141
151
158
165
172
181
195
204
214
228
235
242
253
263
274
283
292
303
313
323
333
344
354
364
374
385
392
403
411
421
431
440
451
461
474
481
492
502
515
523
535
544
554
562
573
583
593
602
612
622
633
643
654
664
675
685
696
707
717
727
738
748
759
768
778
789
801
808
819
830
842
849
860
867
878
889
896
908
918
930
941
953
965
973
980
987
998


49
56
65
72
86
101
111
124
133
146
156
166
176
185
198
211
222
236
245
257
270
283
296
309
321
333
345
356
369
378
388
400
412
425
437
449
460
471
483
494
507
519
531
544
555
567
579
590
601
612
623
636
647
659
672
684
695
707
718
730
743
754
766
778
788
798
811
823
836
845
854
864
876
888
901
914
927
939
952
961
973
988


12
22
34
43
54
66
79
88
109
124
141
161
181
201
222
243
263
282
295
307
468
491
508
527
548
569
732
751
772
789
810
829
846
865
874
892
917
927


10
18
25
32
41
48
57
68
85
102
119
139
150
164
183
204
222
242
252
265
284
305
325
343
364
373
386
405
425
442
459
480
500
521
541
707
724
743
761
782
801
822
839
850
869
889
910
927
945
962
975
996


12
19
24
30
39
44
49
54
60
67
72
87
94
100
109
114
125
130
135
140
145
150
157
162
167
174
182
189
197
202
208
213
218
223
229
234
241
250
255
261
266
272
278
283
289
294
299
304
310
317
323
329
334
339
344
352
358
364
369
378
383
394
400
406
420
429
440
446
451
457
465
474
483
492
498
507
516
524
532
540
548
556
565
574
583
592
597
602
611
616
624
631
640
649
654
663
670
679
687
695
705
711
720
730
735
743
753
759
768
775
783
794
799
806
813
822
827
836
842
848
861
867
876
881
889
896
905
911
918
925
930
937
942
950
956
961
971
981
989
994


9
20
31
36
43
57
66
73
84
91
104
114
123
141
150
157
175
182
197
204
219
226
234
245
256
265
275
283
294
302
313
324
335
344
354
365
375
385
396
403
414
424
433
443
452
462
471
481
491
501
512
521
530
540
551
561
570
582
593
601
612
623
632
642
653
661
673
681
691
701
710
721
731
740
751
760
770
780
790
801
808
818
829
838
849
859
870
881
889
903
910
921
936
953
962
973
980
987
994


11
20
29
36
44
51
60
74
88
101
114
127
150
159
172
184
195
216
233
252
273
293
304
317
330
349
369
382
393
412
432
453
466
486
499
520
532
551
572
585
605
618
631
649
668
687
707
726
747
767
788
800
821
832
853
863
885
905
930
937
946
967
976
985


14
20
27
34
43
53
62
79
89
98
118
139
159
168
189
206
224
245
265
282
303
324
341
363
380
401
418
436
457
475
496
517
537
701
722
742
906
926
944


11


21
28
34
43
50
70
79
96
109
126
135
145
162
180
189
209
231
251
268
291
308
328
348
366
384
401
422
433
452
472
489
508
528
547
709
726
747
767
787
804
825
846
864
885
909
932
952
970
983
993


13


8
17


14


8


8


12
17


20


28


7
18


8


23
31


11
16
21


35
41
50
57
70
87
95
107
117
132
145
158
171
180
192
205
214
224
237
248
260
271
284
293
304
317
328
341
353
366
378
390
399
412
421
433
444
456
467
477
486
497
510
522
534
544
557
569
578
587
599
610
623
636
648
659
671
683
695
707
717
729
743
752
762
775
787
796
805
817
828
840
851
862
874
886
896
907
920
930
941
950
961
972
979
988


13
26
35
41
48
59
65
70
83
92
108
117
127
140
157
178
191
210
223
240
253
266
283
296
305
325
343
356
365
386
395
415
429
440
457
470
488
505
522
540
553
571
734
897
914
927
936
954
971
982
995


20


37
45
50
57
66
83
92
111
128
138
159
171
184
205
222
235
244
265
282
303
324
333
345
364
377
387
397
414
432
451
464
482
501
521
538
551
572
592
612
629
650
667
687
707
724
741
761
923
941
957
974
984
997


12
19
28
33
50
65
79
99
112
121
141
158
169
190
201
212
230
239
260
272
293
314
331
353
364
383
392
413
426
438
455
475
495
514
531
544
706
725
735
754
767
787
798
818
829
848
872
892
912
923
942
951
970
980
998


43


17
23
31


51
56
76
89
98
117
132
150
163
183
202
214
237
258
278
299
317
338
358
375
393
406
427
446
466
483
503
523
535
549
566
586
599
620
639
659
668
680
690
708
727
748
767
780
787
804
823
844
853
876
888
906
925
944
965
988
997


23


9


8
14


11
18
25
31
37
47
65
74
81
104
121
133
140
157
169
178
195
207
220
238
248
267
277
298
321
341
362
525
544
561
580
601
624
645
665
676
698
719
739
760
780
789
805
824
842
861
883
902
915
934
948
957
979


11


30
42
49
56
67
75
90
109
115
120
129
150
159
177
194
215
228
242
263
284
296
309
330
351
360
379
397
407
427
447
464
483
505
526
547
566
587
608
629
649
666
679
699
719
739
760
781
802
819
840
860


9
14
19
24
29
38
45
66
75
91
108
128
149
169
189
210
231
248
269
287
307
327
347
366
387
407
424
436
454
466
487
507
527
547
558
577
597
617
638
658
667
829
850
871
890
909
922
941
967
976
982


32


8
13
18
39
59
68
75
94
114
134
152
172
192
210
228
249
266
285
308
325
346
367
379
399
419
439
459
479
489
502
664
676
693
705
723
735
755
776
936
945
966
979
991


13
18
23
29
37
49
69
78
91
96
107
120
131
151
168
178
195
216
225
243
264
283
304
314
334
353
370
389
399
418
439
452
473
491
511
528
691
709
721
739
757
776
797
818
837
857
878


10


19
24


9


36
43


19
26
33
42


15
25
35
45
52
59
77
90
110
123
142
151
168
185
205
226
246
267
287
308
329
339
358
381
401
420
440
461
623
646
666
688
709
731
744
764
784
797
816
839
859
879
896
919
940
953
963
972
997


23
31
38
45
52
60
71
82
89
100
112
120
127
138
147
160
169
182
192
203
214
225
239
249
263
270
281
291
299
310
320
331
341
352
362
372
385
393
404
412
422
433
441
452
460
471
478
491
498
516
523
534
541
551
560
571
578
588
598
607
617
627
639
648
658
668
679
689
699
709
719
730
739
750
757
767
777
784
794
804
815
826
836
844
854
861
871
882
893
904
922
929
936
943
950
961
972
982
989
996


20
29


11
18
25
32
43
55
62
70
81
88
99
110
124
131
138
145
152
166
178
185
194
205
214
230
237
248
259
270
280
288
300
307
318
327
338
349
360
369
380
388
398
408
419
426
437
447
456
466
477
486
496
507
514
526
533
545
552
562
571
582
589
599
614
621
632
640
651
664
671
684
691
701
713
723
732
741
752
762
772
783
792
805
814
825
836
844
857
864
877
887
894
901
914
922
936
944
951
966
973
980
987


49
56
69
74
84
94
105
115
124
137
148
158
169
186
197
211
221
236
250
263
275
286
299
308
320
333
345
357
368
381
393
406
418
431
441
451
463
476
487
499
511
524
536
545
556
565
577
589
600
610
621
634
648
660
672
685
696
705
716
727
740
749
758
769
781
793
804
820
832
844
855
864
876
889
901
913
926
938
948
961
971
984
994


12
22
34
43
54
66
75
97
109
124
142
162
174
198
209
228
249
268
287
305
328
346
365
384
403
415
435
455
475
496
514
535
553
573
594
604
622
641
663
681
693
712
731
752
773
792
811
828
846
865
874
892
913
934
952
971
988


10
18
25
30
38
51
72
90
111
135
156
175
195
212
225
245
266
283
303
321
334
352
373
386
404
424
444
464
485
506
528
546
566
579
600
620
641
806
826
844
856
867


12
19
24
30
39
44
49
54
60
66
71
78
88
94
99
104
110
116
125
132
141
147
155
162
167
175
180
185
191
199
204
213
223
228
240
246
259
269
276
283
292
300
310
315
320
326
335
342
348
355
363
368
373
378
383
392
404
410
417
423
430
439
449
458
463
472
477
482
491
498
505
512
519
531
537
547
556
565
574
583
592
598
607
612
621
626
638
645
654
660
669
677
687
692
700
708
716
725
734
739
751
756
765
773
781
788
798
803
808
814
822
831
840
845
854
860
867
877
882
892
903
908
914
919
925
930
939
948
955
963
968
976
984
989
994


9
20
32
39
46
54
61
72
79
90
97
109
116
124
131
141
153
167
174
181
190
197
204
218
225
235
245
256
265
280
291
302
309
319
330
340
351
361
371
381
391
400
410
419
428
438
448
458
468
479
490
500
510
521
528
538
548
557
568
575
585
595
604
615
622
633
644
654
665
672
682
692
703
710
721
732
741
752
759
770
780
791
801
811
822
832
843
850
862
874
885
897
907
919
927
938
946
953
961
970
977
984
991


11
20
29
36
44
52
59
74
81
93
106
117
130
149
170
191
204
224
245
262
282
294
307
320
342
361
382
394
405
424
444
465
478
491
511
531
552
571
583
593
605
618
639
651
672
689
709
729
742
751
772
792
812
833
845
865
878
890
903
930
939
960
981
992


14
21
38
49
67
84
93
114
131
152
170
181
203
224
245
265
282
302
322
335
355
377
397
420
437
458
475
496
517
539
703
724
884


11


21
28
34
43
50
70
79
96
103
112
130
148
168
189
209
233
250
267
284
303
323
340
359
382
402
422
446
463
472
489
508
525
542
561
581
745
766
786
803
824
845
866
886
910
932
950
970
983
993


13


8
17


14


8


8


12
17


20


28


7
18


8


23
31
40
46
53
58
64
69
76
88
94
99
107
112
121
129
134
139
145
150
155
166
171
176
181
189
194
199
208
218
223
235
240
249
254
263
272
279
286
298
304
313
319
328
334
341
347
353
360
369
376
385
392
399
408
415
423
430
438
446
454
463
469
478
484
491
498
507
512
518
528
535
544
551
560
566
573
585
590
599
608
614
621
629
638
646
654
663
672
682
687
696
703
710
719
725
734
739
748
755
764
770
776
783
790
799
807
812
817
822
831
837
846
854
859
865
874
883
888
893
898
905
910
916
922
928
933
938
943
949
956
961
966
975
981
986
994


11
16
27


35
41
50
58
72
82
93
106
115
128
141
150
162
175
184
196
208
220
233
243
256
265
277
289
302
313
325
338
350
362
373
386
399
411
421
432
441
451
464
474
487
498
507
519
530
542
555
567
577
588
597
610
624
634
643
654
664
673
684
695
707
718
727
739
750
762
775
784
795
807
816
828
840
852
861
873
886
896
908
921
934
943
954
959
966
973
983
988


13
18


20


37
45
50
57
66
83
92
110
123
140
160
173
186
206
215
236
251
268
280
300
317
334
343
361
373
385
407
428
447
466
485
503
526
536
553
573
592
613
630
647
667
688
699
717
738
758
777
797
816
837
859
876
896
915
934
957
974
981


12
19
28
37
48
69
79
98
116
135
155
164
173
184
201
212
229
250
262
274
294
313
322
342
362
379
391
403
415
435
453
473
494
511
528
549
567
587
605
626
647
658
677
696
714
731
748
768
790
807
819
829
848
868
885
906
927
936
952
971
981
992


43


17
23
31


51
59
70
81
90
109
118
133
152
164
182
202
211
231
250
259
280
290
303
314
326
346
364
378
399
408
419
440
457
467
488
500
521
539
551
568
588
601
622
640
649
670
690
708
728
748
765
784
795
812
825
837
849
858
869
882
891
908
922
944
962
972
983
995


23


9


8
14


11
18
24


11


30
42
47


9
19
28
46
63
75
85
103
115
128
150
163
180
197
209
229
248
268
278
300
321
332
353
365
384
404
423
442
462
481
502
522
543
561
581
600
617
638
658
667
829
846
864
885
906
916
929
949
966
975
992


32


8
13
18
27
44
55
67
85
105
126
139
158
177
194
209
219
237
258
279
292
313
332
352
373
394
413
432
452
472
492
511
536
556
576
593
613
634
795
816
838
857
869
891
903
925
936
945
965
986


13
18
29
37
49
69
78
90
99
120
129
146
166
191
209
229
238
248
265
276
283
304
315
332
344
365
377
394
407
425
438
457
478
499
520
539
559
576
739
900
918
937
958
970
982


10


19
24


9


36
43


19
26
33
42


15
25
35
45
54
77
90
110
122
147
157
174
196
214
235
255
276
297
317
338
357
377
398
418
436
456
476
497
515
536
557
578
742
764
785
805
825
845
866
888
905
926
945
963
970
981
998


23
31
36
44
51
62
70
77
85
92
102
109
116
128
139
147
154
165
177
185
197
206
216
227
236
249
258
268
279
286
294
304
315
325
339
347
358
369
380
392
401
411
422
431
443
450
458
469
476
487
496
507
515
525
534
545
555
566
575
584
595
605
614
624
634
645
655
665
675
686
697
708
719
729
739
750
760
771
781
791
801
810
819
829
840
849
859
869
879
889
898
909
918
928
939
951
962
969
976
983
993


20
29
34


11
18
25
32
42
56
63
70
77
85
101
108
115
122
132
144
152
166
173
180
193
200
207
215
230
237
248
259
269
280
290
300
307
317
326
337
344
355
362
373
382
393
402
413
423
434
443
453
464
475
485
496
505
516
526
536
546
555
566
574
585
595
606
616
626
635
644
655
663
674
685
697
704
712
725
732
741
751
762
772
783
794
803
817
824
836
847
858
865
878
887
898
908
918
930
937
948
960
970
977
986
994


49
56
69
74
90
96
105
115
122
136
143
153
166
175
190
199
211
224
236
245
258
273
283
296
308
321
332
344
356
368
380
392
403
415
426
438
451
464
476
488
502
515
524
537
546
559
571
583
594
606
617
627
637
652
662
671
683
694
703
714
724
736
748
759
770
782
793
805
815
828
838
850
862
873
882
894
905
918
929
942
952
965
978
990


12
22
34
43
54
66
75
81
90
99
110
124
142
162
173
191
200
217
238
259
269
290
302
319
336
357
376
396
415
434
455
476
497
517
526
538
563
584
604
622
639
660
670
691
709
730
751
911
924
945
963
983
995


10
18
25
32
43
49
70
90
109
121
134
147
164
183
202
222
243
264
283
304
325
342
359
368
386
404
425
442
459
480
500
521
541
559
582
602
764
777
798
817
835
846
863
882
904
924
945
962
975


12
19
24
30
35
44
49
54
59
64
76
81
90
95
100
105
111
116
121
130
135
140
147
152
157
162
167
177
184
189
194
199
204
209
214
223
232
238
246
252
257
262
269
274
280
287
292
300
305
311
316
323
328
333
338
355
363
368
373
379
386
392
397
402
407
412
422
427
434
443
452
459
467
475
484
493
501
508
518
527
535
541
549
556
569
574
582
589
600
607
617
622
632
638
643
651
658
666
674
681
690
699
711
717
725
734
743
748
755
764
770
785
792
797
806
813
822
831
840
848
860
867
874
881
890
896
905
914
920
933
939
944
950
956
961
966
971
976
984
989
998


9
20
32
39
49
60
71
78
87
94
101
108
115
125
136
151
159
167
174
182
191
204
214
225
236
244
259
270
280
290
304
315
326
336
346
357
366
375
386
395
405
416
426
436
445
455
464
474
483
492
502
513
522
532
542
552
562
572
582
592
603
614
625
633
644
652
663
672
683
692
701
711
722
733
744
753
765
774
785
795
806
813
824
834
845
854
869
876
889
897
910
919
931
943
950
958
966
973
984
991
998


11
20
29
36
44
52
69
79
92
104
116
136
149
170
191
203
223
244
253
265
277
298
316
337
348
365
374
394
415
436
445
465
478
492
510
523
544
561
574
594
616
636
658
667
687
706
719
732
754
763
783
804
823
836
857
870
890
901
924
933
946
965
977
995


14
20
27
34
48
67
84
101
112
125
144
165
178
199
220
243
264
284
298
315
332
342
363
380
401
419
439
459
476
496
516
536
700
862


11


21
28
34
43
50
70
79
96
109
126
135
154
163
180
199
220
240
258
275
435
452
472
493
510
531
548
566
586
607
627
648
670
688
708
729
892


13


8
17


14


8


8


12


20


28


7
12
18


8


23


11
16
21


35
40
47
56
69
80
93
104
115
125
138
148
160
173
182
195
207
220
233
246
256
268
281
293
303
316
329
338
350
362
373
386
398
411
424
434
447
456
469
481
492
503
512
524
533
545
558
567
579
588
599
610
622
633
646
656
665
678
691
702
712
725
736
750
765
776
787
796
808
821
834
845
858
870
883
895
908
921
932
941
950
963
972
981
991


13
18


20


37
45
50
57
66
83
92
111
124
141
159
171
184
201
222
231
251
263
284
295
316
327
340
361
370
381
401
410
422
441
460
477
494
658
822
843
865
887
910
923
944
966
973
984
995


12
19
26
37
50
59
66
79
96
111
133
150
163
182
191
200
213
224
237
258
267
280
300
319
339
359
378
401
419
438
455
475
495
508
528
549
562
583
600
617
779
798
819
848
865
884
896
914
935
952
972
981
993


43


17
23
28


51


23


9


8
14


11
18
24


11


30
42
49
56
67
75
89
97
109
117
127
147
159
177
194
215
228
237
257
277
296
313
325
343
360
377
389
402
423
441
454
475
496
516
535
555
567
579
600
613
630
651
663
674
695
715
738
759
779
800
820
840
859
880
892
912
930
951
960
969
986


9
19
27
38
45
62
80
91
109
129
141
159
177
197
219
239
260
279
292
309
318
335
355
376
397
416
429
450
614
638
658
667
829
989


32


8
13
18
27
44
49
58
76
87
108
126
139
156
177
194
210
228
248
268
285
306
332
349
366
387
552
571
590
751
911
931


13
18
23
29
37
49
69
78
90
101
107
116
134
155
176
191
210
227
244
264
273
292
304
316
328
353
370
534
552
573
590
609
770
791
808
825
846
867
885
904
923
944
953
962
968
990
997


10


19
24


9


36
43


19
26
33
42


15
25
35
45
52
68
77
89
102
123
141
164
183
204
224
237
256
277
290
309
330
347
368
377
398
419
430
447
611
774
792
814
831
848
868
889
899
912
937
957
966
976
997


23
31
38
45
52
62
70
77
84
98
109
119
129
140
150
161
171
182
190
200
207
218
228
239
246
262
269
280
287
297
308
318
329
336
347
357
368
380
391
402
412
422
433
442
453
461
471
481
492
499
510
517
528
539
548
557
567
576
586
596
605
615
625
635
646
656
665
674
684
694
706
716
726
734
745
755
764
774
784
794
803
812
822
833
843
853
863
873
884
893
904
914
925
936
946
962
969
976
986
996


20
29


11
18
25
32
43
56
63
73
84
97
104
113
124
135
152
171
178
185
196
204
212
221
232
239
250
261
271
280
291
301
312
322
332
342
352
362
373
382
393
404
413
423
434
441
452
460
473
480
493
502
513
522
533
544
554
563
573
583
594
605
615
626
637
647
656
666
677
686
697
706
717
726
736
745
754
765
775
786
796
806
816
827
835
842
851
861
877
884
893
904
914
929
938
945
952
960
977
986
996


49
56
67
78
88
95
112
124
138
147
156
165
176
189
198
211
224
236
249
261
273
283
296
309
321
333
345
357
368
380
392
405
417
428
441
451
464
476
488
499
511
522
531
543
556
568
580
592
605
614
623
636
645
658
667
679
693
702
711
722
735
747
759
771
783
794
806
819
831
843
854
866
878
890
903
916
929
941
954
963
976
989


12
22
34
43
54
66
75
96
107
127
141
162
173
191
200
222
239
248
269
287
308
328
346
358
376
394
414
434
455
476
497
517
533
551
567
584
602
621
640
657
677
698
858
870
887
900
917
938
955
974
983
995


10
18
25
37
57
68
85
102
120
138
147
160
173
193
206
227
245
266
285
306
327
348
366
379
403
425
444
457
474
495
515
533
554
575
592
613
630
651
672
693
712
729
749
767
788
807
817
838
850
868
880
893
911
928
945
962
975
996


12
19
24
30
39
44
49
54
60
66
71
81
87
92
99
104
110
115
124
130
135
140
147
153
158
164
173
178
183
188
193
198
207
213
220
225
230
240
246
257
264
269
274
284
292
298
304
310
316
321
326
333
338
343
349
354
361
366
373
378
383
392
397
402
409
414
419
425
434
441
446
452
458
463
472
480
489
498
507
516
525
530
539
544
553
561
570
577
586
595
602
610
615
624
633
640
649
656
665
670
679
686
697
702
712
717
726
732
739
746
755
761
768
776
784
793
798
803
812
819
828
837
843
852
860
868
877
883
888
895
908
914
924
933
941
946
951
956
961
966
971
980
985
990
999


9
20
31
42
49
56
64
71
79
86
93
103
110
121
129
136
147
160
167
174
185
192
203
213
225
234
245
256
267
280
289
300
309
319
330
340
349
359
371
382
390
401
409
421
428
437
447
458
469
480
490
500
510
520
529
538
548
558
568
577
586
594
605
615
625
634
645
656
666
677
687
694
705
713
722
733
742
753
763
773
784
792
803
813
827
834
849
860
874
881
892
900
915
931
944
951
962
969
976
985
992
999


11
20
29
36
44
52
59
74
81
102
115
136
149
170
187
200
213
226
235
248
269
281
302
320
341
366
384
398
410
430
447
460
480
493
503
514
526
539
560
572
585
605
618
639
659
679
700
717
730
750
771
780
793
806
827
845
866
878
890
902
915
927
938
950
970
983
993


14
21
38
50
57
221
239
258
280
301
321
342
363
380
400
421
584
606
625
645
806
827
848
866
887
908
919
936
947
966
975
992


11


21
28
34
43
50
70
79
96
109
126
135
156
177
198
220
232
251
262
281
298
318
339
359
376
388
409
427
445
463
484
502
522
541
554
573
594
606
625
787
947
969
993


13


8
17


14


8


8


12
17


20


28


7


8


23


11
16
21


35
44
55
65
78
89
98
111
122
135
144
157
169
181
197
210
222
232
247
256
268
281
290
303
312
325
334
346
358
369
382
393
404
415
424
434
445
454
467
480
492
505
514
526
538
549
558
570
579
588
600
609
622
634
646
657
668
679
688
701
712
725
738
751
764
773
786
797
809
822
832
843
855
864
877
886
897
908
921
933
942
951
959
968
981
991


13
18


20


37
45
50
57
66
83
92
111
125
146
153
174
191
204
223
241
251
260
271
282
300
317
334
355
376
387
397
418
437
458
475
4641
801
818
987


12
19
24
30
39
44
49
55
65
71
77
82
91
98
106
115
124
136
141
146
151
156
162
167
172
177
182
188
200
213
218
223
229
239
248
253
265
275
280
285
292
300
305
310
317
323
329
334
348
355
363
368
373
378
383
392
403
409
415
421
426
431
436
442
447
452
457
463
474
481
489
498
506
513
522
530
538
544
554
563
572
580
587
596
602
610
619
625
634
640
649
658
667
674
688
693
700
709
715
724
732
740
749
756
765
774
780
790
798
807
813
822
829
836
847
852
861
867
875
883
896
901
910
921
926
931
939
950
956
961
969
974
983
988
998


9
20
31
41
49
56
67
74
83
94
106
113
122
133
140
152
160
167
174
188
198
209
221
228
240
248
258
269
280
291
302
311
321
336
344
354
365
374
385
393
403
413
423
434
443
452
462
470
480
490
501
511
521
531
540
550
559
569
579
590
599
610
617
627
638
650
657
668
679
690
697
705
712
722
732
742
753
763
774
784
796
803
814
822
833
844
851
862
871
882
889
900
907
924
932
939
949
958
965
975
982
993


11
20
29
36
44
49
61
81
91
115
125
136
149
166
179
200
213
234
246
267
280
292
312
325
334
355
374
394
415
436
446
459
480
492
511
531
551
572
584
605
615
628
648
669
690
709
730
751
768
781
800
812
833
845
865
878
889
909
922
935
947
960
978
988
998


14
21
38
50
57
221
238
258
280
301
313
334
354
377
399
419
437
458
475
496
517
537
701
718
742
762
780
944
965
982
991


11


21
28
34
43
50
70
79
96
109
126
135
145
154
163
180
189
209
230
250
267
276
301
318
338
359
376
385
402
423
444
464
475
497
507
527
547
556
577
596
758
778
797
815
835
852
873
890
909
932
952
970
983
993


13


8
17


14
19


8


8


12
17


20


28


7


8
14


23


11
16
27


35
44
55
64
77
88
97
110
123
133
146
155
164
176
189
198
209
222
234
246
257
270
283
293
305
318
329
341
356
368
380
393
404
417
426
437
446
456
466
478
491
500
513
523
536
546
558
571
584
593
607
619
631
642
654
668
678
690
702
715
725
736
750
762
775
784
795
804
816
825
834
845
854
867
876
887
900
913
926
939
949
963
972
980
989


13
18


20


37
45
50
57
70
80
101
111
122
141
160
177
187
200
221
241
258
267
287
307
327
348
365
386
407
424
437
457
476
485
506
517
535
546
568
581
604
624
790
807
827
991
997


12
19
26
32
43
52
61
68
89
101
112
123
140
152
173
190
201
212
232
251
264
282
295
313
330
353
365
383
398
417
434
454
471
488
511
529
550
568
583
604
617
627
644
664
677
696
713
731
751
769
790
808
829
848
868
889
900
921
934
952
971
980
997


43


17
23
31


51
56
76
90
97
109
119
140
164
190
210
231
249
259
282
291
312
324
346
363
384
401
418
437
461
473
493
514
535
553
573
593
613
633
651
668
680
690
711
720
741
760
780
787
811
822
843
865
883
890
907
924
933
938
961
971
984
991


23


9


8
14


11
18
24


11


30
41
49
56
67
74
88
97
110
119
128
148
159
171
182
200
220
233
252
273
286
304
321
343
360
381
390
403
423
445
464
485
502
516
533
546
566
583
604
623
647
664
684
705
726
744
765
786
807
827
848
865
885
906
923
945
956
966
983


9
19
28
46
63
75
90
109
121
134
156
177
197
219
239
256
269
288
307
327
347
366
387
406
428
592
610
630
651
674
841
862
882
900
909
930
943
967
978
995


32


8
13
18
39
60
81
94
114
134
155
168
188
209
218
232
250
268
279
296
319
339
357
378
395
559
570
590
602
620
640
664
676
693
705
723
734
755
775
936
949
959
979
991


13
18
29
37
49
69
78
90
101
107
116
134
151
171
183
195
204
224
243
264
283
304
316
328
353
373
390
410
423
443
463
483
503
522
542
563
726
745
766
777
797
820
983


10


19
24


9


36
43


19
26
33
42


15
25
35
45
52
63
76
89
100
114
131
144
164
183
196
217
227
248
267
288
308
329
348
369
381
401
422
442
461
625
634
654
674
694
715
736
756
775
792
809
973
998


23
31
38
45
52
60
67
78
86
94
101
112
120
127
134
148
159
169
179
192
199
213
220
231
242
249
261
268
282
289
297
310
319
335
342
353
363
378
388
399
407
417
428
437
448
457
468
479
488
498
510
519
530
539
550
560
569
579
590
597
606
617
627
638
647
656
666
676
685
695
705
715
726
735
746
756
767
774
784
794
803
813
822
832
841
851
861
871
882
894
908
915
926
937
955
962
969
984
991
999


20
29


11
18
25
32
43
55
62
69
80
99
106
114
121
132
139
152
160
175
182
190
201
211
222
229
239
250
261
275
282
293
303
314
323
334
343
352
362
373
381
395
402
414
421
431
441
452
460
475
485
496
507
517
528
537
553
560
571
581
592
599
610
617
628
638
646
656
668
679
689
700
707
717
727
737
744
753
763
773
784
793
807
814
825
835
844
853
868
876
888
895
906
913
928
940
947
954
965
976
990
997


49
56
65
72
83
92
103
116
127
140
149
158
170
187
199
211
224
238
250
264
275
288
299
308
320
333
344
357
366
378
391
402
413
425
437
448
459
472
485
497
509
521
535
548
560
572
584
595
607
616
628
639
648
660
672
686
695
707
718
729
741
752
764
776
788
798
806
817
829
842
855
866
878
891
902
911
923
935
947
961
974
989
999


12
22
34
43
54
66
79
90
101
114
124
143
158
179
198
205
228
245
258
269
290
302
320
339
360
381
400
413
434
454
474
495
515
525
546
567
584
604
621
632
649
662
681
702
719
740
763
781
798
819
837
859
884
905
924
945
962
971
980
995


10
18
25
32
40
49
59
68
85
102
119
133
152
171
192
212
221
238
251
268
289
307
327
346
359
379
403
424
442
459
476
487
507
667
688
706
727
748
760
781
802
822
841
860
880
902
923
944
965
986
998


12
19
24
30
39
44
49
54
60
66
71
76
85
90
95
100
111
116
128
135
142
147
155
160
168
175
180
185
192
197
202
208
214
222
227
232
240
246
258
264
269
275
282
287
292
297
302
311
316
328
336
341
346
353
360
365
370
386
392
399
408
413
422
430
439
449
454
459
466
475
480
489
495
509
515
525
530
539
548
557
562
576
581
592
597
609
614
620
630
635
643
651
660
667
681
686
695
701
710
718
731
737
743
753
758
766
775
784
789
796
805
813
822
827
836
841
846
853
860
868
877
882
894
900
911
920
925
933
939
944
952
958
963
968
973
978
984
990
996


9
20
28
33
41
51
61
72
79
88
97
109
116
134
141
148
156
165
177
184
199
209
216
227
237
249
259
271
279
290
297
308
319
330
340
351
359
369
379
389
398
409
419
429
439
448
458
468
478
489
496
506
516
526
536
546
555
565
574
583
593
600
614
622
632
643
653
664
675
686
693
704
713
724
732
744
753
763
774
782
795
802
811
822
829
836
849
859
870
881
890
905
916
927
943
950
958
966
974
985
992
999


11
20
29
36
44
52
69
81
91
110
122
138
149
169
190
202
215
228
241
253
266
278
291
302
322
343
362
383
396
417
438
451
471
484
497
510
522
542
553
565
586
605
618
639
650
670
687
707
728
749
768
788
801
816
829
850
859
880
900
912
925
946
967
980
993


14
21
38
49
56
67
84
93
112
125
138
148
168
177
186
203
224
244
265
282
302
324
341
354
377
394
557
577
598
762
782
946


11


21
28
34
43
50
70
79
96
109
126
135
154
163
180
199
220
231
248
267
276
293
310
319
340
359
383
404
426
445
464
486
505
526
547
556
577
740
758
778
938
959
980
993


13


8
17


14
19


8


8


12
17


20


28


7
12
18


8


23
31
40
47
52
61
68
74
83
90
100
106
111
116
121
129
137
144
150
155
160
169
176
181
190
197
202
210
215
222
227
232
241
249
258
263
268
278
285
294
302
311
317
325
334
339
348
353
358
365
370
377
385
392
401
406
413
422
428
436
443
448
455
463
470
477
484
493
500
505
514
520
531
536
541
546
551
562
571
576
587
592
598
605
614
619
628
633
642
650
656
661
666
672
677
682
689
698
704
713
719
727
736
741
750
757
763
771
777
786
791
796
802
809
822
828
843
848
858
864
873
880
887
894
901
906
911
916
923
928
933
938
943
948
953
958
964
971
982
991


11
16
27


35
40
47
56
68
81
92
101
114
127
136
148
161
172
181
194
206
219
230
241
253
266
276
288
301
313
322
333
346
355
366
379
388
399
412
421
433
442
454
463
474
486
496
510
523
535
544
558
569
582
595
604
617
626
637
650
660
672
683
695
707
719
729
741
756
766
778
787
799
810
823
834
844
854
867
876
888
897
910
923
935
944
956
968
977
986
993


13
18


20


37
45
50
57
66
75
82
99
110
125
147
164
176
189
206
218
240
257
274
294
312
333
350
369
379
392
411
430
592
612
629
642
654
674
692
711
732
741
761
923
944
961
972
981


12
19
26
37
50
59
66
79
99
111
135
155
164
173
186
206
225
234
255
267
280
299
312
322
342
360
380
399
419
438
458
475
495
508
528
550
570
581
593
610
627
639
660
681
698
707
728
748
765
777
798
816
837
861
873
893
912
932
952
971
981
993


43


17
23
31


51
56
76
90
101
110
119
138
159
180
200
220
232
245
263
284
302
324
341
361
381
393
406
415
432
449
469
489
508
528
545
565
577
602
621
640
651
670
690
708
729
749
771
795
816
829
839
851
864
885
899
923
932
944
951
961
973
982
991


23


9


8
26


11
18
24


11


30
42
47


9
19
27
38
45
62
81
91
109
129
141
159
177
197
219
238
258
278
297
316
333
495
517
534
554
718
731
752
770
791
951
971
990


32


8
13
18


13
18
29
37
49
69
78
90
101
107
116
137
157
176
191
210
227
244
265
274
283
296
314
333
353
370
389
407
428
446
466
479
500
520
539
559
577
598
615
636
656
673
694
712
731
751
768
931
944
957
977
990
997


10


19
24


9


36
43


19
26
33
42


15
25
35
42
51
63
76
89
102
122
147
157
174
191
212
232
253
274
285
303
324
342
352
361
378
391
411
431
452
475
497
516
537
557
578
742
763
786
805
822
835
847
866
887
908
927
944
961
981
991


23
31
38
45
52
62
75
82
90
97
104
115
127
135
150
157
167
180
187
199
210
222
234
241
249
260
269
280
290
300
311
322
334
341
352
359
369
380
391
401
411
422
434
441
454
461
472
481
491
502
513
524
534
544
554
565
574
584
594
603
613
622
632
642
651
661
670
681
692
702
712
721
732
741
751
761
771
780
791
801
812
823
833
844
852
862
873
883
893
905
913
926
937
948
959
968
983
990
997


20
29


11
18
25
32
43
56
67
77
86
101
113
120
127
134
142
152
165
172
179
187
196
210
221
229
236
243
252
263
273
284
294
304
314
321
332
342
351
361
372
379
390
400
411
421
431
442
452
463
475
484
495
503
514
524
531
542
552
561
571
582
592
602
613
622
634
641
652
663
673
684
699
710
719
726
736
745
756
765
775
786
797
806
817
827
842
849
859
870
878
889
900
907
914
925
935
943
950
964
974
981
988
995


49
56
65
72
81
94
101
113
122
136
145
156
169
182
196
209
219
232
243
253
269
281
292
305
317
328
341
353
366
378
387
399
410
420
431
440
451
463
476
488
501
513
526
536
545
554
566
577
588
600
613
624
637
648
660
672
684
695
704
716
730
743
754
765
777
788
799
810
822
835
847
859
870
882
894
905
916
928
939
952
965
980
989


12
22
34
39
46
59
68
81
101
110
124
141
162
172
191
210
228
247
268
287
309
328
339
360
379
399
414
431
453
473
493
513
534
552
573
590
609
627
649
670
691
709
727
748
767
784
801
820
840
859
869
890
903
917
936
951
968
985


10
18
25
32
43
54
74
83
92
110
130
147
154
163
327
347
359
379
403
424
444
461
482
499
516
533
556
575
596
616
776
793
953
962
976
986


12
19
24
30
35
40
49
54
59
67
73
78
86
92
102
109
117
124
130
135
141
147
152
162
167
175
180
188
193
199
204
209
214
220
225
230
239
245
253
260
269
277
286
292
299
304
312
318
328
335
344
352
357
363
370
376
381
386
392
399
404
409
414
421
426
433
439
451
456
466
473
478
486
491
506
511
519
528
535
543
552
560
569
578
586
593
603
608
617
624
632
640
649
654
662
676
681
689
694
700
709
714
726
732
745
750
755
764
772
780
787
795
803
809
818
827
840
845
854
860
869
877
886
891
896
903
908
914
919
924
930
937
944
950
956
961
973
978
983
988
993
998


9
20
31
36
43
50
64
71
78
89
96
103
111
120
128
141
148
157
165
173
183
192
203
214
223
234
245
252
265
272
279
290
297
304
315
323
333
342
353
364
375
385
394
404
415
422
431
441
450
460
471
481
492
501
511
522
533
542
551
561
570
579
590
601
611
623
632
642
653
664
675
686
697
707
722
729
746
753
764
771
782
791
803
811
821
832
843
854
867
877
888
900
907
918
926
941
954
966
973
982
989
996


11
20
29
36
44
52
65
74
83
94
115
133
154
175
188
201
222
242
262
281
302
321
341
354
374
394
412
433
450
470
483
492
509
530
550
571
583
602
622
641
661
679
692
710
722
742
751
772
793
806
826
839
852
869
881
894
903
928
946
967
980
998


14
20
27
34


11


21
28
34
43
50
70
79
96
109
128
140
154
163
180
198
215
234
246
264
281
298
318
339
359
378
399
416
437
598
617
638
659
678
699
720
740
758
779
801
822
843
861
885
909
932
952
970
986


13


8
17


14


8


8


12


20


28


7
12
18


8


23


11
16
27


35
40
47
56
65
77
88
98
110
123
136
146
158
169
181
194
207
216
228
239
252
261
272
286
297
310
322
334
346
359
368
379
392
404
416
429
440
451
463
474
483
492
501
510
523
532
541
553
563
575
584
595
608
620
631
643
656
665
676
685
702
713
724
734
750
759
772
786
795
804
814
827
840
849
861
874
885
897
909
922
935
945
957
966
975
982
987


13
18


20


37
45
50
57
66
83
92
111
122
145
165
186
206
217
236
250
267
287
308
326
345
365
386
407
427
447
466
483
643
665
682
703
720
741
761
923
944
966
974
984
997


12
19
26
32
43
52
63
76
98
116
125
146
155
176
196
207
228
245
258
267
280
300
319
339
360
377
398
409
428
447
464
476
496
514
531
553
574
595
614
777
797
814
831
849
868
889
900
921
934
953
971
981
990
995


43


17
23
31


51
56
76
90
108
117
132
141
162
175
192
205
216
237
258
278
298
319
336
348
359
379
399
408
427
440
459
471
490
502
514
534
552
562
581
601
621
641
662
680
690
708
729
739
759
780
800
813
834
851
862
877
888
905
923
932
944
963
973
988


23


9


8
14


11
18
24


11


30
41
49
56
67
75
90
109
115
120
127
145
159
177
186
203
216
236
249
268
278
287
309
330
351
360
378
397
415
433
454
474
495
516
533
554
573
591
612
633
650
671
689
708
719
738
759
779
791
809
828
849
866
887
908
929
946
953
974
983


9
19
27
38
45
55
72
85
102
124
142
159
177
197
219
239
256
268
288
309
329
341
362
382
400
420
433
452
471
489
509
528
548
568
589
609
630
650
667
829
846
866
885
906
925
948
967
976
989


32


8
13
18


13
18
29
37
49
69
78
90
101
107
116
133
151
168
177
198
217
236
256
273
292
303
315
333
351
371
388
407
426
446
465
485
502
522
539
559
576
740
761
781
802
966
994


10


19
24


9


36
43


19
26
33
42


15
25
35
45
52
69
90
110
123
144
164
185
205
215
236
248
269
282
302
315
336
357
376
393
410
423
442
462
481
498
517
538
557
578
738
759
776
797
815
829
849
866
887
906
927
944
961
970
981
998


23
31
38
45
52
67
79
89
100
107
115
126
137
149
156
168
177
187
202
209
222
233
244
251
262
273
282
293
306
313
321
333
340
351
359
370
380
391
402
409
420
427
436
447
459
466
477
484
495
504
515
524
535
545
555
565
576
587
596
606
615
625
635
646
655
666
673
684
694
704
714
725
736
746
756
766
776
786
797
807
817
828
836
846
856
866
877
886
897
906
917
927
939
953
962
969
987
996


20
29


11
18
25
32
43
55
62
69
79
87
98
110
121
134
141
151
159
170
180
187
200
209
220
230
242
249
256
267
278
289
300
307
317
327
338
349
359
370
381
390
401
408
419
429
438
449
457
468
475
486
495
506
515
527
535
545
555
566
575
585
596
604
615
626
635
646
656
667
677
691
700
711
720
731
738
748
759
770
780
791
801
812
822
833
841
853
864
879
886
893
905
915
922
937
945
952
970
978
985
996


49
56
65
74
84
91
103
112
128
137
147
156
166
176
185
194
207
220
231
244
253
266
278
291
305
315
326
339
351
363
375
387
398
409
420
431
443
455
467
479
492
503
515
524
534
544
556
568
580
592
601
612
624
636
648
661
671
683
694
703
715
727
739
751
763
775
787
799
811
823
836
848
859
871
880
891
902
915
927
940
949
962
971
982
997


12
22
34
43
54
66
75
81
90
99
116
124
142
154
171
191
200
221
242
261
282
292
307
328
347
370
388
409
428
448
467
481
500
520
537
547
567
588
605
626
647
656
675
694
714
731
752
771
792
811
829
850
867


10
18
25
30
41
53
60
83
92
112
134
146
159
178
191
210
230
250
271
292
312
332
343
364
383
401
417
435
456
474
495
514
533
554
575
592
613
632
794
813
825
835
856
867
889
910
927
940
952
976
989


12
19
24
30
39
44
49
54
60
66
71
76
81
87
92
98
110
115
120
125
130
144
149
154
160
165
170
175
180
185
190
197
202
208
213
218
229
236
241
250
257
262
267
274
280
285
292
298
304
310
316
323
331
336
341
360
365
370
378
389
394
399
404
409
418
426
436
441
452
457
462
470
476
485
490
497
506
518
527
536
541
550
555
564
569
578
583
592
601
606
620
625
631
645
650
661
666
679
684
694
700
706
720
726
732
741
749
756
765
773
782
789
798
806
813
821
828
840
845
854
859
867
883
888
896
902
913
918
923
928
933
939
945
950
956
965
970
983
989
994


9
20
32
41
52
59
66
73
84
94
105
112
120
135
145
157
171
180
192
200
211
222
229
241
248
258
268
279
290
297
309
316
323
334
341
352
359
371
378
389
398
409
418
428
437
447
457
468
478
489
500
510
519
529
540
551
562
571
581
592
603
612
622
633
641
652
663
673
683
693
704
714
724
733
744
754
765
774
785
798
807
818
826
837
848
859
871
882
890
902
913
924
938
945
965
976
984
992
999


11
20
29
36
44
52
59
74
81
101
114
128
138
147
158
171
184
195
215
227
240
252
262
281
301
321
338
356
370
389
410
423
436
449
461
481
492
505
518
539
560
573
586
604
625
636
657
669
689
700
718
731
751
771
782
795
816
829
850
869
881
894
907
926
937
948
967
980
991


14
21
38
49
56
67
84
94
103
120
139
152
176
194
203
223
243
265
282
303
324
342
364
383
404
425
443
463
625
646
663
827
993


11


21
28
34
43
50
70
79
96
109
126
135
154
163
180
198
215
234
255
272
291
308
328
348
366
383
403
422
440
453
472
489
507
525
542
563
581
602
623
641
661
682
701
725
744
908


13


8
17


14
19


8


8


12
17


20


28


7
18


8


23


11
16
27


35
44
55
67
80
89
98
110
123
135
147
158
170
183
194
205
218
231
241
254
265
278
287
298
311
320
332
343
354
366
379
390
400
412
424
433
445
457
469
479
492
505
515
528
539
552
561
574
583
595
608
621
630
641
651
664
676
685
695
706
719
728
737
749
758
770
783
792
804
816
825
834
845
858
872
884
897
910
921
934
943
955
966
976
986
993


13
18


20


37
45
50
57
66
83
92
111
124
141
160
180
197
217
229
241
251
269
287
305
326
344
357
378
393
410
421
442
451
612
629
650
667
688
697
718
737
746
766
790
807
827
987
996


12
19
26
32
43
52
62
81
100
119
136
143
154
172
183
192
213
225
234
255
266
286
303
313
329
338
358
379
398
409
429
447
466
475
495
514
536
556
575
735
755
776
797
814
823
837
861
873
894
917
937
954
973
993


43


17
23
31


51
56
76
89
98
118
133
153
173
186
210
227
247
268
277
290
304
324
346
363
384
401
412
425
446
466
483
503
524
543
563
580
599
613
634
651
671
680
690
711
720
741
759
779
795
812
824
836
857
866
877
888
906
925
934
945
954
961
971
987


23


9


8
14


11
18
24


11


30
41
49
56
67
75
90
109
116
134
145
154
171
192
209
234
252
265
286
303
320
331
351
360
379
400
417
428
448
465
486
506
527
545
557
578
597
760
778
800
818
839
858
879
896
917
938
956
974
983


9
14
20


32


8
13
18


13
18
29
37
49
69
78
91
96
115
122
131
144
165
177
198
219
243
264
283
304
316
328
351
370
387
548
568
589
608
625
646
664
685
709
729
750
767
931
944
953
974
993
998


10


19
24


9


36
43


19
26
33
42


15
25
35
45
52
59
76
89
98
110
119
136
147
157
174
191
204
225
237
258
275
296
308
327
347
367
381
401
422
443
460
481
498
516
537
557
578
743
762
783
800
820
841
859
879
899
920
941
959
976
989


23
31
38
45
52
62
70
77
84
95
104
111
119
126
133
140
152
159
168
181
192
206
217
228
239
250
260
269
276
287
295
306
313
324
334
341
357
364
375
385
395
406
416
427
436
446
458
465
476
486
497
505
515
526
537
548
557
567
577
587
596
606
617
627
634
643
653
663
673
683
693
703
714
724
734
745
755
766
773
783
793
804
811
820
831
840
851
864
875
882
893
904
914
923
930
946
956
963
973
980
989
996


20
29


11
18
25
32
43
55
62
75
86
93
103
111
121
133
141
148
156
173
184
195
202
216
223
234
244
254
264
275
286
296
307
317
326
334
345
352
363
372
383
393
404
414
423
433
442
452
463
472
482
493
504
515
524
535
545
555
566
574
585
595
606
615
625
634
644
655
666
677
687
699
709
718
729
740
751
762
772
783
792
805
812
822
833
844
851
858
870
878
893
903
914
923
934
942
954
961
968
977
987
994


49
56
69
74
86
95
105
115
122
135
149
158
171
183
195
207
220
232
243
256
265
278
290
301
314
327
336
348
361
373
386
399
412
424
435
447
458
470
482
494
506
517
529
541
551
564
576
588
599
610
623
636
649
660
673
685
696
708
721
733
746
758
769
781
793
805
818
829
841
850
861
870
879
891
902
911
923
935
947
960
973
981
997


12
22
34
43
59
73
85
102
111
131
153
173
191
200
221
241
262
282
293
306
323
340
360
379
400
421
442
454
474
495
513
534
552
573
594
607
617
636
655
672
691
709
730
751
768
928


10
18
25
42
54
74
84
97
115
136
149
170
182
203
221
242
254
416
437
457
474
496
516
537
557
576
604
625
643
660
680
698
715
733
757
778
798
810
827
844
864
881
894
915
936
953
963
975
992


12
19
24
30
39
44
49
54
65
70
78
86
92
104
109
118
123
129
135
140
145
151
156
162
167
175
180
185
191
198
208
213
218
223
234
240
245
250
259
264
269
274
280
285
290
295
300
305
311
316
321
329
335
341
350
355
364
369
374
379
387
398
403
408
413
422
427
433
446
453
461
468
477
482
490
498
505
513
520
531
536
545
552
560
569
575
583
592
600
609
614
620
628
633
642
650
659
664
673
680
688
697
705
714
721
729
735
744
750
756
772
777
782
787
792
804
809
817
825
833
843
852
860
868
873
885
890
897
905
910
922
927
935
941
947
952
957
965
970
975
983
988
993


9
20
27
33
41
49
61
74
86
96
104
114
126
136
143
150
162
172
183
190
198
205
219
226
237
248
257
268
280
287
298
308
318
329
339
350
359
370
379
389
400
411
420
430
440
449
459
469
479
489
499
509
519
528
536
547
558
568
578
586
597
607
621
630
641
648
659
668
679
690
701
710
721
731
742
750
761
770
780
791
799
810
818
829
836
848
856
868
875
886
897
908
915
925
936
944
951
960
967
977
984
991
999


11
20
29
36
44
51
60
73
83
92
104
115
136
147
159
180
193
213
234
243
263
275
295
309
329
340
361
382
394
411
424
445
466
487
508
528
541
553
565
586
605
618
639
659
671
692
710
723
740
761
782
793
806
818
829
850
871
881
894
905
922
932
950
961
980
987
998


14
20
27
34
43
53
62
79
101
112
125
144
156
177
186
203
224
245
265
282
302
321
340
363
383
401
420
437
458
475
496
516
537
560
722
743
764
926


11


21
28
34
43
50
70
79
96
109
126
135
154
163
180
199
220
241
253
274
291
308
328
348
366
384
401
422
442
463
481
498
510
529
547
566
587
604
624
646
666
686
707
867
879
900


13


8
17


14
19


8


8


12


20


28


7
12
18


8


23


11
16
27


35
41
50
57
68
81
94
105
114
126
137
150
162
172
181
193
204
215
228
239
252
261
273
284
297
310
323
333
346
358
370
383
393
404
415
426
437
448
460
472
484
493
505
517
529
538
551
563
575
588
601
613
625
637
648
660
672
683
696
705
717
729
738
748
761
770
782
794
805
818
832
844
855
867
876
888
898
913
922
935
948
959
966
973
986
993


13
18


20


37
45
50
57
70
80
89
107
128
146
160
180
201
218
240
257
278
295
316
325
334
355
364
384
402
420
429
447
466
484
648
667
687
708
727
744
765
785
806
823
846
858
877
889
908
929
941
950
967
976
984
997


12
19
26
37
49
62
81
100
117
127
148
169
190
199
212
231
238
251
264
281
300
319
336
345
358
376
397
417
434
454
473
493
511
529
549
562
579
599
616
636
657
678
697
714
735
753
770
790
808
829
848
865
883
894
903
914
937
954
971
981
990
995


43


17
23
31


51
56
76
93
106
114
119
139
152
164
181
192
204
224
237
259
276
289
308
328
348
359
369
380
400
418
438
461
473
493
514
534
551
568
589
609
628
647
668
679
698
708
728
748
765
784
795
809
818
839
848
860
880
899
922
932
945
957
966
988


23


9


8
26


11
18
24
31
41
60
66
72
81
104
123
133
144
154
177
189
198
215
224
245
264
282
303
322
343
360
370
379
397
417
437
460
479
490
509
528
548
566
587
606
626
648
668
688
709
729
750
770
933
946
958
968
979


11


30
41
49
56
67
75
90
109
117
127
145
159
177
192
209
232
250
267
284
296
309
330
351
360
379
397
416
427
440
461
478
495
508
528
547
567
580
591
611
632
653
673
691
704
725
744
761
780
801
818
839
999


9
19
27
38
45
62
80
91
109
129
142
162
175
192
203
223
246
258
277
296
316
335
355
376
397
418
439
601
618
638
658
668
690
710
728
747
766
786
804
822
835
853
874
886
909
929
947
967
976
993


32


8
13
18


13
18
29
37
49
69
78
91
98
115
131
150
168
178
191
209
227
244
265
274
284
304
316
330
339
356
368
388
406
427
445
465
483
503
522
542
563
725
745
765
786
803
823
842
862
883
903
921
938
950
959
978
990
997


10


19
24


9


