36
43


19
26
33
42


15
25
35
45
52
68
77
89
102
123
132
147
157
174
199
217
230
247
266
285
302
319
338
356
368
377
398
415
436
453
474
484
507
527
544
561
581
603
623
644
668
688
710
731
741
759
776
794
804
825
845
866
887
907
923
943
963
972
990


18
25
32
43
52
59
66
73
84
97
108
119
126
134
141
151
164
172
187
194
210
219
232
239
249
263
270
282
290
301
312
322
338
345
356
366
378
389
398
408
419
428
439
448
458
469
478
489
499
510
519
530
539
550
560
571
581
591
602
612
622
631
642
651
660
669
678
688
697
707
717
726
737
747
756
765
774
784
791
801
810
820
830
840
851
861
872
881
892
904
914
925
936
943
953
965
973
981
988
995


20
29


11
18
25
34
42
55
62
69
80
96
103
114
122
129
141
149
159
170
181
191
205
213
225
235
247
257
268
279
288
299
309
318
328
337
347
356
366
377
384
396
404
415
422
433
442
452
462
473
484
495
506
515
527
536
547
558
569
578
588
598
607
619
626
633
644
654
663
674
685
694
705
712
723
733
742
753
764
773
785
794
805
814
825
836
846
855
865
876
887
898
907
918
929
936
945
952
959
968
983
999


49
56
64
75
93
103
112
119
132
147
154
167
182
193
203
210
222
235
244
257
267
279
295
304
316
329
342
354
367
376
388
401
414
423
435
446
458
470
481
493
504
513
526
536
546
560
572
581
592
603
615
627
637
646
659
671
684
693
704
715
727
738
749
759
771
782
793
804
815
828
840
852
861
874
884
896
907
919
931
945
957
966
979
988
999


12
22
34
43
54
61
72
83
100
109
128
145
155
176
185
198
219
239
248
265
277
296
311
328
347
371
388
401
423
444
467
487
504
524
541
564
574
595
612
631
649
665
682
702
712
730
747
756
773
792
811
832
853
873
892
901
918
936
952
971
988


10
18
25
37
47
68
85
102
119
132
141
153
172
186
203
216
235
245
266
276
286
301
312
330
348
366
378
403
420
437
458
484
505
525
534
555
575
592
756
773
794
813
824
845
862
875
893
913
935
954
963
989


13
19
25
30
36
44
52
60
65
71
76
81
90
95
100
105
115
121
126
135
140
145
151
159
166
174
179
184
189
194
202
207
215
222
227
232
238
245
251
258
267
274
280
286
292
298
305
310
318
323
328
334
339
345
355
362
368
373
380
385
392
399
410
418
423
430
439
448
457
466
472
480
489
498
507
513
523
533
541
550
555
564
569
575
584
591
601
607
616
623
628
636
644
653
661
669
678
686
691
699
708
717
726
732
741
750
758
766
775
784
789
798
803
812
819
828
834
842
850
859
867
876
881
889
900
905
913
918
923
928
933
939
950
955
969
974
979
986
991
996


9
20
27
35
42
57
69
76
84
92
99
106
116
127
139
146
157
166
175
182
192
205
212
219
232
240
251
262
273
280
291
302
309
317
328
338
349
360
370
381
392
408
415
424
434
443
454
465
474
485
494
504
514
523
533
542
551
558
569
578
585
595
602
613
623
634
645
654
667
674
685
694
705
713
725
733
744
752
763
773
784
795
805
814
825
834
845
852
862
874
884
894
903
914
927
934
942
952
966
974
987
992
999


11
20
28
36
44
52
74
88
111
120
142
163
172
183
200
213
233
252
271
290
301
321
338
355
376
386
403
415
436
445
466
483
504
513
523
534
547
556
575
595
612
633
650
671
690
711
732
753
764
787
796
809
820
840
853
865
882
897
910
923
933
951
960
977
988
998


14
21
28
33
43
50
57
67
84
94
111
129
152
170
179
192
211
229
246
265
282
301
325
342
365
382
391
414
431
443
606
625
645
663
684
704
723
884
905
918
935
952
964
981
990
997


11


21
28
34


13


8
17


14


8


8


12


20


28


7
12
18


8


21
26


11
16
27


32
39
45
50
57
64
80
94
103
116
126
135
148
161
173
183
192
205
214
227
236
247
257
270
281
294
305
318
329
342
352
364
373
385
397
406
418
428
442
451
463
472
485
498
507
520
531
540
552
563
575
584
593
602
611
620
633
643
655
664
673
683
695
706
717
731
743
752
761
774
785
794
807
816
827
840
849
861
874
887
896
909
919
930
942
953
965
978
983
991


13
26
35
41
51
64
76
85
92
106
117
127
136
146
166
179
200
217
230
250
267
285
298
307
328
345
366
385
406
415
424
441
464
473
485
497
517
526
537
558
571
590
609
622
783
810
970
984
993


20


37
45
50
57
68
75


12
19
26
32
42
63
72
81
101
111
136
148
169
182
192
201
212
229
246
255
266
283
294
312
333
343
356
365
529
540
552
573
586
599
618
636
657
678
691
700
722
731
751
771
782
799
818
829
850
867
887
909
917
934
953
964
973
990
995


43


17
23
28


57
64
70
81
90
101
110
119
138
148
165
178
199
210
219
238
258
277
297
306
314
324
346
363
372
393
406
427
444
461
481
507
516
537
556
579
601
622
633
650
671
690
708
729
748
767
779
794
803
823
844
853
877
888
905
923
932
945
954
959
972
984
993


23


9


8
14


11
18
24
31


11


30
40
54
75
84
101
110
119
136
149
166
177
186
203
215
234
252
273
283
301
318
330
343
352
361
521
531
544
561
568
579
592
609
626
647
656
665
678
697
719
730
749
767
788
797
817
834
854
877
894
914
931
948
966
983


9
19
28
38
46
55
76
89
102
124
141
151
169
186
197
219
236
253
273
290
311
324
342
351
372
390
411
433
593
614
624
639
649
667
684
705
722
746
765
782
799
820
842
861
880
899
909
929
949
967
976
991


32


9
19
27
36
45
64
81
93
106
117
138
158
177
194
201
210
228
250
267
279
296
308
332
349
366
387
399
417
438
455
618
628
648
657
677
690
710
720
743
752
773
783
945
966
978
991


13
18
29


10


19
24


9


36
43


19
26
33
42


15
25
35
45
52
69
89
98
110
122
142
151
164
183
196
214
235
248
265
285
302
321
338
358
376
393
402
411
429
450
467
486
495
516
534
558
579
604
622
639
660
824
984


18
25
32
46
53
60
67
76
89
96
103
114
128
140
152
161
168
179
194
203
217
226
239
246
257
268
279
289
300
310
321
328
339
346
357
366
377
388
399
409
422
430
441
452
461
471
480
490
501
511
520
531
543
555
564
575
585
595
605
615
625
635
645
654
664
674
684
692
702
712
722
734
741
750
759
770
777
787
796
806
816
826
836
846
856
866
875
886
894
912
922
929
937
950
959
969
981
989
996


20
29
35


11
18
25
34
49
64
75
82
89
96
103
113
123
135
142
152
161
173
187
198
205
214
225
240
247
258
269
278
287
297
306
316
326
333
342
352
361
371
382
393
403
412
421
430
440
451
460
471
482
493
503
514
523
533
544
554
563
574
585
594
606
614
624
631
642
653
664
672
684
691
701
712
722
731
741
752
765
776
788
796
807
814
825
836
847
856
867
876
886
897
907
918
927
935
950
961
969
976
984
991


49
56
64
72
83
92
99
110
125
136
143
150
163
176
185
197
210
219
232
242
253
264
277
287
300
313
326
338
351
362
374
383
395
405
417
427
436
447
459
471
482
492
502
513
522
531
543
555
567
580
589
600
610
623
634
643
656
667
678
690
702
712
723
736
747
760
769
781
793
805
817
830
839
852
862
874
885
897
909
921
932
945
957
967
980
989


12
22
34
43
54
66
79
86
99
116
124
142
155
172
189
200
217
238
247
268
287
296
311
328
346
363
376
396
413
430
450
468
486
496
505
526
537
547
564
577
595
612
633
650
669
689
706
725
746
765
786
807
820
840
849
870
887
900
917
926
943
960
971
988


10
18
25
32
39
47
71
90
110
122
139
152
162
182
199
212
221
238
247
267
276
289
307
326
343
364
373
386
404
425
444
461
483
501
518
535
555
575
596
613
630
649
661
684
702
712
729
746
757
767
785
802
825
834
856
867
889
907
924
945
962
975
992
999


13
19
25
30
39
44
49
54
62
67
75
80
85
95
101
107
112
117
125
130
135
140
145
150
156
161
166
174
179
184
189
194
202
207
219
224
229
234
243
254
261
267
272
277
282
287
292
301
307
313
318
323
333
338
343
353
359
365
370
375
383
392
397
402
410
415
422
431
439
448
454
463
470
479
486
495
503
512
519
529
538
543
552
561
569
579
584
592
601
610
618
633
638
645
650
659
667
678
685
692
699
708
714
722
730
739
747
756
765
774
781
790
795
805
810
819
824
833
842
850
857
866
871
880
888
893
898
903
908
916
923
928
933
939
945
950
957
968
975
981
986
994
999


9
20
31
37
49
59
70
81
89
98
114
122
129
140
151
164
176
183
190
197
204
211
222
229
240
247
256
269
279
295
302
313
324
334
345
356
366
375
386
395
406
413
423
432
443
453
464
471
481
490
500
510
520
529
538
547
557
567
577
586
596
606
617
626
636
647
657
668
678
689
700
709
719
729
739
748
759
769
780
791
799
808
818
834
841
851
862
873
883
894
901
909
926
934
942
953
960
976
987
994


11
20
28
36
44
52
69
81
90
111
120
130
150
168
179
196
208
229
246
266
276
296
309
318
331
341
365
385
402
415
428
448
457
466
483
492
510
522
542
551
574
602
619
631
640
657
669
687
704
721
734
755
764
785
806
817
827
846
863
885
902
915
930
940
957
966
986
995


14
21
26
32
37


11


21
28
34


13


8
17


14
19


8


8


12
17


20


28


7
12
18


8


21
26


11
16
21


32
39
45
50
57
64
71
80
97
106
123
132
148
160
172
181
194
207
216
225
237
250
259
270
283
292
302
315
324
337
346
357
369
380
391
404
413
425
434
443
453
467
478
487
496
505
515
528
538
550
559
569
582
591
602
615
624
636
649
658
670
679
691
702
712
726
736
746
758
770
783
795
804
814
824
835
845
858
867
880
890
903
917
926
938
948
963
972
979
986
993


13
18


20


37
45
50
57
68
80
101
111
125
147
165
186
204
217
234
255
272
284
310
327
334
361
370
379
388
409
426
445
465
475
493
512
525
538
547
560
577
598
611
628
645
654
675
692
709
731
748
765
787
799
816
836
846
872
882
903
921
932
941
950
959
972
981


12
19
28
46
52
69
79
98
115
136
149
170
189
207
214
228
245
266
283
293
313
330
353
364
375
401
418
439
458
475
495
504
514
531
552
573
595
614
777
798
809
828
848
861
872
892
912
922
939
950
971
981
990
995


43


17
23
28


57
64
74
85
95
102
111
132
141
152
173
187
207
219
236
248
266
277
295
305
324
346
364
381
399
411
432
441
454
471
489
509
526
536
547
565
575
593
610
622
632
651
675
695
716
730
739
759
781
798
819
829
839
856
874
887
899
922
932
945
954
961
970
988


23


9


8
14


11
18
24


11


30
40
49
56
67
75
90
109
115
120
137
151
160
172
192
209
233
252
273
290
311
320
331
348
365
373
390
403
423
433
457
475
484
495
516
533
543
562
579
590
611
628
637
655
674
691
708
719
739
760
783
792
952
965
978
987


9
19
28
38
46
63
72
81
102
119
128
140
150
163
180
189
210
228
246
258
277
288
307
324
333
342
363
382
402
422
439
602
623
644
661
682
699
719
741
901
914
934
952
967
976
991


32


9
19
28
39
60
79
100
119
136
145
156
177
194
210
228
248
268
279
296
308
332
349
366
387
551
569
590
608
626
638
658
676
697
706
726
743
752
771
789
808
825
842
863
875
893
910
921
945
965
972
981


13
18
29
37
49
57
69
78
91
96
102
109


10


19
24


9


36
43


19
26
33
42


15
25
35
45
54
71
81
90
110
129
147
166
191
208
225
245
265
284
305
322
346
367
381
401
419
430
591
609
634
646
663
680
700
717
734
894
911
924
943
952
961
970
981
998


18
25
32
45
52
59
66
74
81
89
97
105
117
125
137
144
151
160
169
177
184
198
207
218
229
240
249
264
271
282
294
302
311
321
331
342
354
365
384
392
403
414
425
432
442
453
464
475
482
493
504
514
525
534
545
552
562
572
582
592
603
613
622
632
642
652
666
675
684
693
703
713
722
733
742
753
764
774
783
793
802
811
822
831
841
851
861
869
879
889
906
914
925
939
956
966
974
981
988


20
29


11
18
25
34
42
50
62
69
80
89
99
114
121
128
141
149
160
172
183
197
204
212
223
231
242
251
262
276
286
296
307
317
326
336
346
356
365
375
389
396
407
417
427
437
447
457
466
476
487
496
506
517
526
537
547
558
567
576
587
598
608
619
630
637
647
658
666
677
691
702
712
721
732
741
752
761
771
782
792
802
813
820
831
839
848
859
868
879
891
902
913
926
940
948
959
966
973
980
987
996


49
56
64
81
94
101
112
120
134
147
158
171
182
191
203
215
227
242
251
264
275
288
297
310
322
334
344
357
368
379
392
404
417
426
435
447
458
467
478
489
501
512
523
535
547
557
569
581
593
603
612
624
636
648
659
668
679
691
703
715
727
739
751
763
776
788
798
807
820
830
843
853
866
877
887
900
909
922
931
944
956
970
980
989
996


12
22
34
43
54
63
71
88
102
111
131
148
165
183
192
209
222
244
261
286
296
309
328
346
364
382
391
403
415
432
454
473
494
511
528
549
558
575
592
610
631
649
662
680
697
718
735
752
773
791
805
818
835
846
864
877
886
899
916
929
952
969
980
995


10
18
25
32
43
50
71
88
109
120
130
147
154
172
190
199
217
237
254
274
293
312
332
350
371
388
409
430
439
457
474
487
506
529
546
567
579
603
627
644
661
680
698
715
733
754
915
936
954
975
987


13
19
25
30
35
44
49
55
60
65
71
78
90
95
100
105
110
115
122
127
132
139
151
157
170
175
180
185
192
199
208
215
222
229
244
251
256
261
266
272
278
283
291
299
305
310
318
323
331
336
342
347
353
364
370
375
381
386
392
397
402
410
423
428
433
447
452
461
466
475
480
485
492
500
510
518
527
534
543
548
555
564
569
577
585
594
603
611
618
625
633
644
651
660
668
677
686
694
701
710
716
722
729
736
751
756
766
773
782
787
797
802
810
817
825
834
839
847
857
866
875
880
894
901
906
911
916
925
930
935
940
945
954
963
968
978
984
994


9
20
28
33
41
52
62
73
80
87
94
104
111
122
135
142
149
162
176
184
192
205
212
223
234
242
253
262
273
283
294
305
315
326
336
345
358
367
377
387
397
408
419
428
438
449
459
469
479
489
500
509
518
529
539
549
558
568
577
586
597
608
617
627
638
648
657
668
677
688
699
710
720
730
741
750
757
768
778
789
797
808
815
827
834
846
853
860
871
880
892
900
915
922
931
944
952
964
977
984
992


11
20
28
36
44
51
58
75
84
94
111
120
136
149
159
176
194
207
220
237
257
277
294
304
317
332
341
354
371
386
403
416
435
455
476
499
509
529
546
559
571
583
592
613
631
640
657
676
693
709
726
749
766
788
797
815
835
856
865
882
893
904
913
930
939
949
960
982
991
996


14
20
27
34
49
67
84
94
112
129
143
154
177
186
199
220
237
258
280
299
309
327
345
365
529
539
556
573
594
611
628
645
664
684
704
721
881
902


11


21
28
34


13


8
17


14


8


8


12
17


20


28


7
18


8
14


21
26


11
16
27


32
39
45
50
57
69
79
92
105
117
132
141
153
163
176
185
198
210
219
228
240
253
262
273
285
298
309
322
331
342
355
364
375
387
399
411
421
431
443
454
467
479
491
505
515
525
538
551
563
575
584
596
605
616
628
639
649
661
672
683
695
705
714
726
736
745
757
770
779
791
802
811
821
834
849
858
869
881
889
902
914
923
936
944
954
972
982
987
996


13
18


20


37
45
50
57
72
81
92
110
128
138
155
165
186
204
223
241
252
263
284
301
313
326
344
357
374
393
413
430
451
472
490
511
531
546
567
585
604
616
638
655
673
686
698
717
730
749
768
789
807
828
837
858
879
888
908
929
941
950
967
976
985
997


12
19
28
37
47
54
66
79
96
111
136
148
169
190
200
219
239
258
272
291
309
330
342
360
379
389
401
420
437
447
468
485
502
519
536
556
575
596
617
777
794
811
821
830
848
869
878
899
909
921
934
951
971
981
990
995


43


17
23
28


57
64
72
84
93
103
115
122
132
141
150
163
174
184
201
219
240
249
261
272
289
310
328
347
360
378
388
406
418
435
452
465
483
503
521
536
549
566
585
604
627
636
648
667
690
708
728
747
767
777
786
795
809
822
839
849
866
876
887
906
925
932
945
954
961
968
976
995


23


9


8
25
30


11
18
24


11


30
42
49
56
67
75
88
97
109
117
127
145
154
173
182
200
209
234
251
260
277
296
309
330
343
360
377
389
402
421
433
454
474
491
509
527
536
557
578
595
614
633
646
664
685
706
719
737
760
782
794
811
829
848
865
882
895
912
929
946
956
966
983


9
19
28
38
45
62
80
91
108
127
144
164
181
202
219
237
254
271
284
294
314
327
347
365
383
403
413
434
451
471
488
509
527
537
558
571
592
616
636
654
675
696
717
739
758
776
795
813
834
851
874
884
897
914
934
952
970
991


32


9
18
35
55
64
74
93
102
114
134
146
155
168
188
209
219
238
258
275
288
297
319
336
356
367
387
399
411
430
451
472
489
509
531
548
711
874
886
908
917
936
946
956
973
980


13
18
29
37
49
57
69
78
90
101
110
120
131
142
155
177
198
221
232
243
264
273
292
303
315
333
353
370
389
406
428
445
466
480
499
518
535
555
573
590
608
627
637
649
672
691
711
732
751
770
782
803
813
831
852
872
885
902
919
932
945
952
962
979
996


10


19
24


9


36
43


19
26
33
42


15
25
35
45
52
68
77
90
110
119
136
147
157
174
191
210
227
246
259
277
290
309
327
344
353
370
386
401
419
428
452
475
492
510
527
544
565
586
604
613
632
653
814
831
852
865
884
895
905
923
944
961
970
981
998


18
25
32
39
50
57
65
72
82
92
105
119
130
141
152
160
169
180
191
198
208
219
229
241
249
260
271
284
295
306
314
329
338
349
358
369
376
386
397
408
417
428
439
447
459
467
478
487
498
506
516
526
538
546
557
565
574
584
593
606
616
626
636
647
656
666
676
687
697
706
715
726
735
746
756
765
774
784
794
803
812
819
830
840
850
860
869
878
889
903
913
927
937
948
955
962
969
976
983
993


20
29


11
18
25
34
42
53
66
73
81
88
98
111
126
133
143
151
159
169
185
192
203
212
223
234
243
254
264
275
286
293
306
314
325
335
347
356
367
375
385
396
405
416
423
433
443
455
462
473
483
493
503
513
524
536
545
555
566
575
586
596
606
616
626
636
645
656
665
677
685
696
707
718
727
738
748
757
768
778
789
800
811
822
833
840
850
861
876
886
895
906
915
929
939
950
958
967
975
985
998


49
56
66
71
80
91
99
106
119
130
142
151
164
173
182
191
204
213
226
242
251
258
271
282
295
305
320
329
341
353
365
378
388
400
413
426
4372
82
99
110
117
125
137
148
155
166
175
186
202
209
219
232
239
249
261
270
281
292
304
315
322
333
342
353
364
375
385
397
405
416
427
436
447
458
469
476
486
496
506
516
526
535
546
555
565
576
586
595
605
616
626
633
643
653
663
673
684
693
703
714
724
733
744
755
764
774
783
790
800
810
818
829
836
847
857
868
876
887
897
907
917
931
940
948
960
969
976
987
996


20
29


11
18
25
34
46
58
69
76
86
99
106
117
124
134
141
148
159
168
175
187
198
208
217
227
237
246
256
265
278
285
294
305
314
325
335
345
355
365
376
383
397
404
416
423
433
442
453
463
472
482
494
505
516
526
537
547
558
568
579
589
600
609
620
629
640
647
658
669
680
689
700
711
718
728
738
748
758
769
779
790
801
810
827
838
852
859
874
883
893
900
907
915
923
930
937
944
963
970
977
984
993


49
56
61
69
78
85
92
104
111
119
134
144
159
168
177
188
201
210
219
232
242
252
265
278
288
296
309
322
332
342
354
367
378
390
401
414
425
437
447
458
471
480
495
504
515
525
536
549
562
574
587
596
610
623
634
645
654
666
678
689
702
715
727
739
750
764
777
789
801
814
825
836
849
859
872
884
896
909
921
934
945
957
968
981
995


12
22
34
43
56
64
75
100
109
127
141
162
171
191
200
217
238
247
264
281
302
311
328
346
364
382
395
404
425
442
455
473
494
511
528
541
558
575
594
603
620
633
650
670
688
705
725
746
763
780
789
806
823
841
858
870
891
900
915
926
952
970
980


10
18
25
32
43
55
62
71
84
102
119
139
152
171
188
197
217
230
247
267
288
297
320
330
347
366
379
403
424
441
458
475
496
514
531
548
567
576
602
615
632
792
816
837
856
867


13
19
25
30
35
49
54
62
71
78
83
90
95
109
119
124
131
136
141
147
152
160
165
170
175
180
185
190
200
207
213
218
225
233
238
243
251
256
261
266
271
277
287
293
300
305
310
318
323
330
335
343
348
353
358
363
368
373
381
387
392
397
402
410
420
428
438
446
456
462
471
476
485
492
499
507
516
521
530
535
542
551
563
569
577
586
594
603
612
620
629
637
645
654
661
670
675
682
691
698
706
715
722
727
733
742
750
756
765
773
781
789
798
807
813
822
831
840
848
856
865
872
881
889
897
907
912
920
925
930
939
944
950
955
961
970
976
981
986
994


9
20
27
35
42
49
60
68
86
95
102
110
124
135
145
152
160
167
174
185
196
203
212
229
237
246
263
270
283
291
302
312
323
332
343
350
361
370
379
389
399
409
419
428
438
448
458
468
476
487
497
507
517
527
537
547
558
568
577
585
594
605
616
627
637
648
657
667
678
685
694
705
716
725
735
746
757
767
777
788
797
807
819
826
834
847
855
866
873
884
891
900
913
920
931
941
957
968
975
982
990
997


11
20
28
36
44
51
63
73
86
106
115
138
147
168
179
196
209
220
237
256
270
287
304
318
336
346
363
372
385
396
417
432
450
471
484
501
511
531
549
560
572
585
602
611
629
640
658
667
687
704
725
734
756
773
794
805
815
828
841
852
876
888
909
922
933
951
960
981
994


14
20
27
34


11


21
28
34


13


8


14
19


8


8


12
17


20


28


7
12
18


8


21
26


11
16
21


32
39
45
50
57
64
71
80
91
100
110
122
133
142
153
166
178
189
198
210
222
233
246
253
264
273
286
296
307
320
329
342
353
364
375
387
396
406
419
428
439
450
463
472
485
498
510
521
530
542
552
563
575
587
598
609
621
631
642
652
664
673
685
697
708
717
729
738
749
761
770
782
795
807
816
827
839
850
862
873
882
895
904
917
927
939
952
966
982
987
995


13
18


20


37
45
50
57
70
80
101
111
123
140
160
170
190
207
224
245
266
276
295
316
326
346
363
384
401
411
430
451
471
492
511
528
549
568
585
606
627
789
807
827
846
858
875
887
904
913
926
935
957
966
974
984
996


12
19
28
37
47
54
63
70
80
90
99
111
137
144
156
165
178
191
200
221
231
240
262
272
283
293
313
322
342
361
383
392
413
426
437
450
469
486
506
524
545
556
567
586
599
617
636
657
678
689
706
719
737
748
767
790
808
830
848
869
886
909
920
929
952
970
981
994


43


17
23
28


57
64
70
81
90
99
116
139
148
165
178
199
210
229
246
259
279
296
306
317
336
346
363
381
390
407
428
447
467
476
489
506
519
537
550
568
587
600
613
631
644
661
682
699
720
741
751
760
780
787
804
821
839
856
877
887
905
916
933
938
955
966
973
988


23


9


8
14


11
18
24
31


11


30
39
59
68


9
19
28
38
45
66
75
85
102
119
129
141
152
164
177
186
197
219
237
256
275
294
315
335
354
373
383
400
419
439
457
617
639
658
667
684
704
722
886
906
919
934
951
964
974
982


32


9
18
39
60
80
87
108
127
146
156
177
194
203
224
241
260
270
288
308
332
349
368
387
400
419
429
439
457
467
489
509
531
540
553
572
589
610
620
638
649
666
690
709
726
750
770
781
805
817
834
849
858
877
886
907
920
937
956
965
986


13
18
29
37
49
57
69
78
91
96
108
115
130
147
168
178
191
209
226
245
254
271
292
304
316
328
345
367
388
406
430
448
462
471
489
502
521
534
552
572
590
610
627
644
663
684
703
718
878
890
907
924
937
954
975


10


19
24


9


36
43


19
26
33
42


15
25
35
45
52
59
68
81
90
110
121
131
144
165
174
191
208
225
242
255
265
285
302
321
341
358
376
393
412
422
439
461
472
481
501
521
538
558
576
593
612
633
654
666
688
697
720
740
757
774
792
809
826
845
866
888
905
922
943
960
970
981
994


18
25
32
46
57
69
78
85
97
104
111
118
129
140
151
162
169
180
190
202
218
228
239
250
262
273
283
293
305
312
329
336
347
357
369
378
389
396
407
414
424
435
446
457
468
478
490
497
509
516
527
536
547
557
568
578
587
596
606
617
627
637
647
656
667
677
686
693
703
713
723
733
745
755
765
774
785
795
804
814
821
831
841
851
860
871
881
892
903
912
923
930
938
951
962
972
979
986
993


20
29


11
18
25
34
48
62
70
77
94
101
108
115
125
135
142
151
162
171
178
190
200
207
218
226
237
248
258
268
280
287
294
304
315
325
335
345
355
366
375
386
395
404
413
422
433
443
453
463
474
485
496
506
517
526
536
547
557
569
576
586
597
607
617
627
637
647
657
668
678
689
699
708
719
726
736
743
754
763
773
783
793
803
813
824
835
844
852
863
870
884
893
906
914
929
937
945
954
965
972
983
994


49
56
64
72
88
101
112
119
132
141
151
164
178
187
199
212
221
232
246
256
269
280
293
306
317
329
341
354
363
376
385
396
407
420
431
443
455
466
476
488
499
512
521
534
544
556
568
580
592
603
615
626
637
648
660
672
681
694
705
716
729
741
753
766
778
791
801
814
823
836
848
859
872
884
896
907
920
932
944
956
967
980
989


12
22
34
43
54
66
79
85
102
111
124
143
161
173
191
200
222
239
256
420
438
459
476
497
514
525
542
553
570
587
600
617
638
648
666
683
696
705
724
745
765
783
800
818
837
854
871
883
901
918
938
955
973
983
995


10
18
25
32
39
47
57
71
88
109
119
132
145
162
171
192
201
220
237
254
275
285
306
325
343
364
381
404
425
443
461
480
499
516
535
556
576
603
624
784
807
816
835
855
867
888
907
916
927
936
953
970
986


13
19
24
30
39
44
49
54
63
68
77
83
88
94
100
105
110
115
123
129
135
145
151
162
173
182
190
195
201
206
216
221
234
243
248
254
262
267
272
277
283
288
295
302
307
313
318
326
331
339
344
353
364
369
374
381
386
399
410
415
421
432
441
451
458
466
475
481
489
502
508
518
523
530
542
548
563
568
573
581
590
596
604
616
621
630
637
645
653
660
668
677
682
691
698
706
714
726
732
741
747
758
763
768
776
781
788
801
806
815
821
834
842
851
859
869
876
891
896
902
915
921
926
931
937
947
952
957
965
970
982
991
996


9
20
28
33
41
51
64
77
87
94
102
109
122
133
148
155
172
179
197
204
213
224
235
244
258
266
277
287
300
309
320
327
338
348
358
367
378
387
397
408
419
428
437
447
457
467
477
488
497
507
517
526
536
544
553
563
572
581
591
602
610
621
632
641
654
661
672
681
695
704
715
725
734
745
755
769
776
785
795
806
815
826
837
848
860
870
881
890
902
913
920
933
942
955
962
971
979
986
993


11
20
28
36
44
51
62
69
82
99
110
119
138
158
171
183
192
211
224
235
244
262
271
292
309
322
335
346
363
381
402
411
428
449
462
473
486
495
509
526
547
556
569
586
603
619
628
641
662
679
692
709
722
743
756
774
791
809
820
841
859
880
889
901
922
932
942
959
971
986
995


14
21
28
33
38
50
67
84
93
103
112
125
144
157
178
199
223
243
265
280
299
309
326
346
365
382
401
419
436
457
474
495
514
531
552
569
733
746
765
786
806
823
840
865
883
903
924
936
956
965
982
991


11


21
28
34


13


8
17


14
19


8


8


12
17


20


28


7
12
18


8


21
26


11
16
21


32
39
45
50
57
70
81
90
99
112
121
134
145
158
171
182
193
202
215
224
237
246
259
272
281
294
304
318
330
339
352
361
372
385
394
406
418
429
441
453
463
474
487
497
506
519
528
540
549
561
570
579
588
597
609
622
631
642
654
665
676
685
695
707
718
729
738
748
759
768
779
788
797
809
821
834
847
858
871
881
892
902
915
928
935
948
961
971
976
981
996


13
18


20


37
45
50
57
68
75


12
19
26
32
42
51
62
73
90
102
119
136
149
169
190
200
218
225
238
258
267
280
300
321
338
354
371
392
410
422
439
458
475
493
512
523
540
556
576
596
616
636
658
677
695
714
731
751
769
790
809
829
850
867
888
906
921
932
952
971
981
990
995


43


17
23
28


57
64
70
81
90
100
120
139
148
163
176
187
208
225
237
258
275
296
305
325
338
347
359
369
382
399
411
432
441
454
474
490
508
525
538
558
575
594
613
633
650
670
680
690
708
730
739
757
777
795
811
830
842
854
867
887
906
925
932
944
953
962
982
988


23


9


8
14


11
18
24


11


30
40
53
62
75
90
109
117
127
145
159
177
192
213
222
243
265
275
287
304
321
343
360
377
389
402
423
432
445
456
476
495
516
533
553
573
591
610
619
637
654
672
680
701
710
729
739
760
780
798
818
835
856
877
895
912
931
948
965
978
987


9
19
27
38
45
62
80
90
109
118
130
150
163
180
197
218
237
254
271
284
296
316
333
342
363
381
402
421
434
452
470
490
503
522
532
555
572
590
615
639
658
674
837
859
877
898
916
929
949
967
974
983


32


9
20
37
44
55
64
84
101
114
134
145
156
177
194
203
226
237
258
279
296
308
325
346
365
382
399
419
583
602
623
640
661
682
699
712
729
750
770
785
807
824
845
857
867
888
905
916
936
946
956
973
980
986


13
18
29
37
49
57
69
78
90
101
108
120
130
150
167
190
210
227
244
265
274
283
303
312
325
343
353
373
393
411
428
445
465
485
507
527
548
565
587
608
632
651
672
681
845
866
879
900
909
918
937
954
975
984
993


10


19
24


9


36
43


19
26
33
42


15
25
35
43
52
68
77
91
104
114
131
149
162
180
197
207
225
245
256
275
298
315
328
341
358
375
392
410
423
441
462
479
497
517
538
560
581
601
622
639
799
959
976
991


18
25
32
42
50
57
66
77
88
97
106
113
121
129
140
155
166
173
185
200
207
218
230
239
250
258
268
280
289
300
310
322
332
343
352
363
374
388
395
403
413
424
434
445
459
470
481
492
502
513
526
533
544
551
560
569
578
589
596
605
615
625
635
646
654
664
671
682
691
701
711
724
733
743
752
761
772
781
790
800
810
819
829
838
848
857
868
876
888
895
907
914
925
935
946
954
961
968
982
989
996


20
29


11
18
24
34
45
58
65
72
80
92
99
106
113
126
140
147
154
168
178
189
200
210
217
228
237
247
258
265
276
286
297
305
316
325
335
347
357
367
376
386
397
404
415
423
434
443
455
463
474
485
495
506
517
528
539
548
559
570
580
590
601
608
619
629
640
647
659
666
681
688
695
706
714
726
733
742
752
763
773
783
793
804
814
827
838
849
859
869
880
887
897
908
927
937
944
956
963
973
983
999


49
56
66
80
91
100
115
122
138
147
156
166
179
192
203
213
226
239
250
266
276
288
299
312
322
335
348
359
372
381
394
403
416
425
437
448
459
471
483
495
504
516
525
536
551
564
573
585
597
610
623
634
643
654
665
674
686
695
707
719
731
742
752
763
776
788
798
805
815
827
840
849
862
871
881
892
904
916
929
939
952
965
979
989


12
22
34
43
54
66
79
91
100
109
127
141
162
172
181
200
217
238
247
268
287
311
328
347
365
382
395
404
425
443
464
476
493
510
531
551
569
588
605
622
632
649
664
681
703
720
737
756
775
796
813
832
853
870
882
903
916
926
952
971
988


10
18
25
32
43
50
72
83
92
254
271
291
302
319
336
357
374
391
412
424
442
461
473
486
503
523
541
560
579
603
624
785
802
819
839
849
869
880
907
926
945
954
975
986
999


13
19
25
30
39
44
49
54
60
66
71
77
82
90
95
100
106
112
117
122
131
136
147
152
157
162
167
173
178
184
189
194
199
207
217
222
227
232
238
243
252
257
262
267
272
277
289
295
300
307
312
318
323
335
340
345
352
357
363
368
373
381
393
400
409
414
419
424
433
442
447
456
463
471
479
484
492
500
508
517
525
535
541
550
557
569
575
584
591
599
608
616
625
630
637
646
651
671
676
681
689
697
706
713
723
731
740
750
755
766
771
778
784
796
801
806
817
824
831
841
847
860
866
874
884
889
897
911
919
927
935
944
950
955
960
965
970
975
983
988
996


9
20
27
35
42
54
62
73
80
87
100
107
114
121
130
141
148
159
170
177
186
194
203
210
221
232
244
254
265
277
284
295
308
317
328
338
348
359
367
378
385
396
406
415
426
435
445
455
465
474
484
494
504
513
524
531
542
549
559
570
580
591
600
611
620
631
641
652
663
672
683
692
701
711
721
732
741
752
760
771
778
785
796
807
818
828
839
848
859
870
881
888
900
907
916
932
942
955
964
975
982
989
998


11
20
28
36
44
52
59
71
78
92
104
115
134
144
155
172
185
196
209
222
232
244
253
262
278
287
301
321
338
359
377
394
411
424
445
462
481
492
501
522
540
557
572
585
605
617
636
657
678
687
704
722
743
752
774
791
813
834
852
873
886
903
930
939
948
971
998


14
20
27
34
49
67
84
93
113
130
151
160
181
190
210
231
248
265
282
299
308
326
343
365
382
404
423
435
444
461
480
497
509
530
552
569
733
756
778
797
815
840
857
878
898
918
936
956
965
974
980
989


11


21
28
34


13


8


14


8


8


12


20


28


7
18


8
14


21
26


11
16
21


32
39
45
50
57
64
71
80
93
103
116
125
134
146
158
171
181
194
204
215
228
237
250
259
271
283
296
309
318
328
339
351
360
371
381
393
404
414
425
434
446
458
467
479
492
505
514
526
537
550
559
568
577
590
599
609
622
631
642
654
665
676
685
695
707
720
729
740
752
762
772
783
795
804
816
827
836
851
864
874
886
896
909
918
933
942
955
966
975
983
992


13
26
35
41


20


37
45
50
57
68
75


12
19
26
37
50
64
79
96
112
122
135
148
169
190
199
206
229
246
256
265
274
294
313
322
343
356
365
384
401
419
437
448
465
485
509
527
547
568
578
599
616
780
940
951
972
981
990
995


43


17
23
28


57
64
70
84
101
110
120
139
148
165
178
195
207
220
230
248
266
275
286
305
324
335
346
367
381
390
411
428
446
459
469
489
506
519
537
558
575
588
609
618
639
650
667
687
696
717
735
748
767
780
787
811
831
849
860
880
899
923
932
944
965
983
997


23


9


8
14


11
18
24


11


30
41
49
56
67
75
90
109
115


9
19
27
38
45
62
71
83
92
103
114
135
156
177
186
203
223
240
260
277
296
307
324
333
350
367
384
401
421
441
460
480
497
518
528
548
576
596
758
776
796
805
826
847
864
885
905
917
934
951
968
975
982


32


9
18
35
55
64
76
94
113
126
135
146
156
177
194
203
226
238
258
279
296
308
325
347
365
387
399
413
430
451
471
489
500
517
536
554
575
593
613
630
647
665
682
705
718
735
756
766
787
808
817
838
856
876
894
911
928
946
956
965
974
991


13
18
29


10


19
24


9


36
43


19
26
33
42


15
25
35
45
52
59
68
81
98
110
124
142
151
168
183
196
215
224
236
256
274
295
317
340
357
370
379
396
413
427
444
462
481
498
517
680
697
721
744
755
768
796
813
830
851
868
877
889
902
918
927
938
959
976
990


18
25
32
47
57
64
71
82
89
96
107
116
135
145
156
164
176
186
206
217
228
239
249
260
269
282
291
301
312
322
333
344
353
364
374
385
394
405
414
425
436
447
455
466
475
490
497
508
519
530
540
549
560
570
581
592
605
615
624
634
643
653
662
672
679
689
699
710
721
728
738
749
760
770
781
790
801
808
819
828
838
847
857
867
876
888
895
903
913
925
932
942
956
963
973
984
991
999


20
29


11
18
25
34
46
53
66
73
81
88
95
102
109
119
126
141
149
160
167
178
187
198
209
223
230
240
250
261
270
281
288
300
307
317
327
338
349
359
370
377
388
398
410
419
430
437
447
458
467
478
488
499
510
517
527
537
548
558
569
576
587
595
606
615
626
635
646
657
666
677
687
698
712
719
731
738
748
758
768
779
790
799
810
818
830
841
848
855
867
876
887
899
910
923
934
941
948
955
964
972
979
988
997


49
56
66
76
83
95
110
125
137
148
160
172
185
194
211
224
233
246
259
271
282
297
306
319
332
342
354
367
378
390
402
413
426
438
451
463
472
484
495
508
517
529
541
552
565
574
585
596
610
623
634
643
654
666
678
688
699
708
718
730
742
753
766
778
789
801
813
825
836
846
858
869
882
893
903
915
927
939
952
962
974
988
996


12
22
34
43
58
70
77
100
109
122
141
162
171
191
200
217
238
248
265
277
296
311
328
346
364
373
390
403
415
432
453
470
491
512
529
542
568
588
605
766
786
805
818
837
854
871
883
900
918
939
952
971
988
997


10
18
25
31
43
50
71
83
92
252
267
277
294
307
327
344
357
374
391
412
429
446
463
484
501
518
535
556
575
592
609
627
644
661
678
702
715
736
900
917
945
962
975
984
999


13
19
25
30
35
44
49
54
59
65
71
76
86
91
97
103
108
115
122
127
134
142
147
153
158
164
169
175
180
185
191
197
208
213
222
228
236
241
250
255
260
267
272
278
283
289
294
301
307
312
318
323
333
338
343
353
358
364
370
379
384
391
397
402
409
414
420
428
437
442
448
457
463
474
481
490
496
504
513
518
525
533
541
550
555
565
570
575
582
592
597
602
609
617
624
633
642
651
661
670
678
686
695
700
709
714
727
732
738
755
760
768
775
785
791
800
807
813
824
832
844
849
860
866
875
887
892
898
903
909
918
925
933
938
943
950
956
961
973
978
983
988
996


9
20
28
33
42
57
67
74
81
89
96
107
119
126
136
148
160
167
174
181
195
206
213
224
241
248
255
271
279
288
298
310
321
328
338
348
358
367
376
386
396
407
417
427
437
444
453
463
474
485
492
502
512
522
529
540
547
557
568
575
585
596
606
616
627
639
650
657
668
678
691
698
708
719
729
740
750
761
771
780
790
801
811
822
832
842
852
863
872
883
891
902
913
925
936
943
955
962
969
976
986
993


11
20
28
36
44
52
59
71
78
91
111
121
138
149
158
172
181
199
220
237
260
277
286
304
317
329
338
355
372
385
394
405
426
439
449
458
471
486
496
518
538
550
568
583
594
611
628
640
661
671
692
709
722
743
753
770
790
800
813
830
842
863
880
894
907
916
925
946
971
995


14
21
28
34
43
49
56
67
84
93
114
131
152
170
179
192
210
227
240
260
277
298
315
333
350
369
389
406
423
436
454
472
489
510
529
552
569
733
753
773
790
803
820
840
857
881
903
924
936
956
965
982
991


11


21
28
34


13


8
17


14
19


8


8


12


20


28
33


7


8


21
26


11
16
27


32
39
45
50
57
64
77
90
102
113
126
136
146
158
171
180
193
204
216
226
238
249
261
274
283
294
305
317
328
341
350
363
375
386
399
411
421
429
442
451
463
474
486
498
510
523
535
544
555
564
576
585
598
607
619
628
640
652
664
673
682
695
707
717
726
737
749
758
767
780
794
807
816
827
840
852
865
878
889
902
913
922
935
944
951
958
967
979
991


13
18


20


37
45
50
57
70
80
101
110
122
139
160
180
197
214
224
241
255
273
293
305
326
345
364
373
384
402
423
444
453
471
488
505
526
539
558
575
592
612
629
642
654
676
693
853
874
887
904
922
941
950
967
976
985
997


12
19
28
37
45
54
63
74
96
113
135
154
174
191
201
212
230
239
260
272
293
313
322
343
353
363
383
392
409
430
454
473
494
512
530
548
568
578
596
616
636
656
677
696
714
735
755
767
790
807
819
843
860
881
900
921
931
940
957
974
981
990
995


43


17
23
28


57
64
74
89
98
119
138
162
173
182
202
211
231
242
253
272
289
310
328
346
364
381
398
411
428
447
467
480
498
515
528
545
563
581
593
614
633
644
664
682
699
720
743
760
771
794
803
814
831
852
867
887
899
922
932
945
954
961
970
988
996


23


9


8
14


11
18
24


11


30
42
49
56
67
75
84
102
109
115
120
127
145
154
172
192
209
233
244
265
276
296
309
330
343
352
361
521
531
552
572
592
609
626
647
656
673
686
696
715
737
761
778
799
816
833
854
872
890
910
929
946
956
966
983


9
14
20


32


9
18
39
60
79
85
102
110
131
151
169
178
196
213
227
249
266
284
294
311
334
356
365
387
399
417
438
455
618
630
648
657
678
841
858
871
888
905
916
933
950
959
979
991


13
18
29
37
49
57
69
78
91
96
102
111
120
131
142
151
168
178
191
203
216
225
243
264
273
292
304
316
329
338
353
374
393
411
428
445
466
479
500
518
529
550
567
576
597
614
635
648
665
675
697
710
728
745
766
777
797
819
828
847
867
887
900
919
938
949
969
990
997


10


19
24


9


36
43


19
26
33
42


15
25
35
45
52
70
81
98
110
129
148
157
174
191
208
226
239
260
275
295
316
335
352
361
378
400
417
430
447
464
481
498
516
540
553
574
583
606
629
639
659
680
697
719
736
756
774
792
809
969
998


18
25
32
47
58
68
79
90
99
110
117
126
133
145
153
164
175
186
193
207
214
225
235
247
257
268
279
289
299
308
319
330
340
351
360
371
382
391
401
410
424
434
444
455
466
476
488
499
509
520
530
540
549
559
570
579
590
603
612
622
631
642
651
661
670
680
690
700
709
719
728
739
749
758
769
778
789
799
809
818
828
839
849
859
869
878
889
900
910
921
928
939
950
959
970
978
989
996


20
29


11
18
24
31
38
49
56
65
75
86
95
102
111
126
133
140
155
164
173
183
191
205
212
223
234
244
255
262
273
284
292
305
314
325
335
344
354
363
374
383
396
405
415
422
433
442
454
461
475
484
495
506
517
526
537
546
557
565
576
586
596
607
615
626
633
644
652
666
673
681
695
703
716
723
735
742
753
762
772
782
792
803
812
823
836
847
856
867
877
889
900
911
922
933
940
954
961
968
975
987


49
56
64
72
80
90
103
115
122
137
148
165
180
189
202
211
220
233
243
259
268
282
293
306
317
330
339
351
364
375
387
398
411
423
433
445
456
467
479
491
502
514
523
536
546
558
569
581
592
603
614
626
637
648
657
670
680
693
705
716
727
739
749
759
771
783
793
804
815
828
841
851
864
871
884
894
907
918
931
940
953
969
978
988


12
22
34
43
54
66
75
96
105
125
132
143
162
173
191
200
217
239
258
267
287
306
323
340
360
377
395
405
426
448
465
490
507
525
546
555
564
584
601
622
640
664
681
694
703
712
733
751
768
780
797
818
838
859
884
895
917
927
952
971
988


10
18
25
32
43
50
71
88
109
118
139
150
161
178
197
218
241
267
277
289
307
327
336
357
374
391
412
576
603
625
643
660
681
698
715
739
756
773
794
813
825
835
856
868
889
907
924
942
960
977
999


13
19
25
30
35
41
49
54
63
71
76
85
90
95
101
108
117
122
127
134
140
145
151
158
163
168
175
183
188
193
201
208
213
219
228
237
242
247
257
263
269
274
280
289
294
299
304
310
315
320
328
333
338
347
353
364
373
378
383
391
399
410
415
422
433
439
444
451
459
469
475
480
488
496
503
516
521
533
540
549
554
563
568
573
582
587
598
603
610
619
627
632
641
650
658
663
672
681
689
697
706
715
723
732
738
743
751
756
764
772
782
787
792
800
808
815
822
827
836
842
850
859
868
877
886
895
901
911
918
927
935
948
955
961
969
974
979
985
991
996


9
20
31
37
48
59
70
81
91
100
107
118
126
133
140
150
159
170
177
188
197
208
216
223
236
244
258
267
278
285
292
306
313
324
333
342
352
362
371
380
390
400
410
420
428
437
447
457
467
477
487
495
504
514
523
533
543
552
562
572
581
592
601
613
620
630
641
652
659
669
680
689
699
708
719
729
739
750
761
769
779
790
800
811
818
834
841
851
862
875
883
894
902
915
926
937
944
951
959
966
973
984
991
999


11
20
28
36
44
52
59
71
78
92
105
127
144
158
171
182
195
212
224
237
254
275
284
297
318
335
345
354
376
385
405
425
438
447
456
477
488
497
509
529
547
560
573
594
611
631
644
655
665
677
690
707
731
749
762
774
785
805
815
833
842
863
883
900
913
929
941
955
972
986
993
998


14
21
26
32
37


11


21
28
34


13


8
17


14
19


8


8


12


20


28


7
12
18


8
14


21
26


11
16
27


32
39
45
50
57
64
71
80
97
107
120
130
141
153
164
176
189
198
211
220
233
244
256
268
282
291
304
314
327
339
348
361
370
382
394
404
415
429
439
448
461
470
480
492
501
510
522
533
544
555
564
576
587
600
612
625
634
643
655
665
676
685
694
707
717
729
741
750
759
769
782
794
805
814
827
836
846
858
871
884
893
905
917
928
937
949
960
969
977
986
991


13
18


20


37
45
50
57
66
75
92
110
123
140
149
160
173
186
205
223
241
251
268
279
288
311
319
328
340
361
370
381
402
420
429
442
459
477
501
510
519
539
557
572
585
605
626
790
807
827
846
858
875
887
904
926
935
956
966
974
984
997


12
19
29
37
46
63
72
81
101
113
132
143
150
163
182
191
200
220
233
242
255
267
280
297
307
332
342
363
380
400
409
429
452
469
486
506
529
539
556
567
586
596
617
634
655
676
696
717
726
746
758
775
792
805
818
829
848
869
878
888
909
921
934
951
971
981
990
995


43


17
23
28


57
64
70
81
90
101
110
120
133
143
150
165
178
199
210
231
248
265
286
305
322
334
347
357
370
381
390
411
428
446
459
469
488
500
513
526
535
550
568
589
609
621
641
658
670
679
698
708
728
740
759
780
787
812
823
836
854
871
890
907
924
933
938
961
971
980
987
995


23


9


8
14


11
18
24


11


30
40
55
67
75
84
101
110
119
128
148
159
177
186
203
215
235
252
265
275
287
311
320
337
346
357
366
379
389
402
423
433
454
474
495
516
534
555
567
579
600
610
628
637
655
672
683
696
713
732
752
769
786
947
959
978
987


9
19
27
38
45
62
80
91
109
128
150
163
180
197
219
237
256
276
296
316
333
351
360
379
399
411
434
600
617
638
647
810
828
841
859
879
897
916
934
952
967
981
999


32


9
18
39
60
80
88
101
114
134
151
169
178
195
210
232
241
258
279
296
308
325
486
504
523
544
564
573
586
606
626
644
664
677
689
698
718
735
755
773
794
815
836
856
874
887
896
916
935
946
956
973
980
986
993


13
18
23


10


19
24


9


