996.25476
963.7589
822.4692
688.74884
837.80743
660.02
712.0638
792.563
814.61145
694.1534
669.4853
676.395
927.39233
1064.3427
1025.2749
1036.0839
1092.6943
1079.3782
1114.489
1088.3412
1051.74
1089.3729
1087.5125
1095.8828
968.1212
837.8428
1001.4017
738.2565
807.77734
946.18445
937.0063
829.99194
926.30853
829.8186
703.3863
992.8467
1062.5796
1044.1217
1007.5125
1054.7194
867.16425
920.21344
1162.648
923.2246
1035.159
1128.9939
1051.1283
1067.9423
996.25476
963.7589
834.44904
674.87537
840.75824
657.6568
714.3227
772.9537
805.98627
677.8328
674.16187
664.76733
1050.0911
1064.3419
1025.2749
1036.0839
1092.6871
1034.5706
1114.489
1088.3411
1052.1466
1089.3729
1087.5128
1095.8862
968.1212
837.8428
1004.1807
749.52246
995.5403
946.1842
826.28174
837.27515
926.30884
829.81885
707.5502
992.8462
1062.5796
1044.124
1007.66846
1054.7194
839.04224
921.76874
1162.6353
901.0375
920.1231
1128.995
1051.1283
1067.9421
996.25476
963.7589
827.1082
674.95795
837.80707
655.5947
707.03033
778.9959
814.99036
691.3901
672.7948
661.2017
875.109
1064.3433
1025.2749
1036.0839
1092.6869
1079.3783
1114.489
1088.3412
1052.1466
1089.3729
1087.5125
1095.8904
971.9599
837.8428
1001.4017
745.81946
994.6591
946.18555
835.56256
812.8567
926.3092
829.81647
711.85364
992.8458
1062.5796
1080.1097
1007.6676
1054.7192
835.33844
928.6884
1162.6337
913.74634
875.96106
1128.9863
1051.1283
1067.9421
996.25476
963.7589
817.7152
680.5778
837.80725
666.41046
702.0516
778.1989
828.9826
691.21497
681.829
657.51544
1051.2294
1064.3428
1025.2749
1036.0839
1092.6888
1034.5706
1114.489
1088.3411
1051.74
1089.3729
1087.5128
1095.8757
968.1212
837.8428
1001.4017
754.8302
945.4528
946.18713
828.3598
808.6695
926.30896
829.81647
705.54004
992.84717
1062.5796
1044.1217
1007.66876
1054.7194
840.0825
946.26715
1162.6343
923.0182
864.5896
1128.994
1051.1283
1067.9423
996.25476
963.7589
830.85675
681.78253
837.8072
648.8795
705.9859
761.2401
804.80096
679.4556
659.37866
643.2852
890.55743
1064.3425
1025.2749
1036.0839
1092.6869
1034.4537
1114.489
1088.3411
1051.74
1089.3729
1087.5128
1095.8862
971.9599
837.8428
1001.4017
748.2405
824.5228
946.1852
819.4214
830.8448
926.30896
829.81647
713.2558
992.84656
1062.5796
1044.1217
1007.66864
1054.7194
822.0987
918.89606
1162.646
890.3234
1035.1589
1128.9939
1051.1283
1067.9423
996.25476
963.7589
839.84564
687.0289
837.80707
649.3438
716.4718
774.35504
823.2262
678.77374
669.0653
663.5121
1053.3156
1064.3428
1025.2596
1036.0839
1092.7703
1034.5706
1114.489
1088.3411
1052.1472
1089.3729
1087.5128
1095.8757
968.1212
837.8428
1004.1807
751.01605
995.5401
946.1842
814.0101
813.7548
926.309
829.8167
687.1267
992.8478
1062.5796
1044.1217
1007.5124
1054.7194
945.6493
910.8373
1162.6365
895.5268
865.597
1128.9934
1051.1283
1067.9421
996.25476
963.7589
825.6876
680.89575
837.80774
651.7437
708.92236
800.853
811.6373
696.6395
682.706
639.6493
911.8684
1064.3422
1025.2596
1036.0839
1092.6869
1038.3895
1114.489
1088.3411
1052.0769
1089.3729
1087.5128
1095.8862
968.1212
837.8428
1004.1807
731.97107
995.54047
946.1842
965.8869
804.5049
926.3093
829.8166
704.5665
992.8463
1062.5796
1044.1217
1007.669
1054.7194
848.0489
907.25653
1162.6431
898.05096
868.90454
1128.9962
1051.1283
1067.9421
996.25476
963.7589
832.8317
672.4817
837.80707
659.4162
703.24994
770.6225
786.8287
693.6792
673.58075
672.0818
916.9283
1064.3433
1025.2749
1036.0839
1092.766
1079.3783
1114.489
1088.3412
1051.74
1089.3729
1087.5125
1095.8904
971.9599
837.8428
1004.1807
748.4008
996.40063
946.1842
934.58813
828.03076
926.3094
829.81647
695.5146
992.8467
1062.5796
1044.1217
1007.6684
1054.7194
882.6562
925.2242
1162.6356
892.2894
1035.159
1128.9968
1051.1283
1067.9423
996.25476
963.7589
813.719
688.864
837.8094
644.90094
709.4221
781.4102
840.3269
676.988
673.84607
651.752
918.70905
1064.3428
1025.2596
1036.0839
1092.6849
1034.5706
1114.489
1088.3411
1051.74
1089.3729
1087.09
1096.02
968.1212
837.8428
1001.4017
754.16486
995.5399
946.1842
818.4893
814.9025
926.30853
829.81665
709.4823
992.8457
1062.5796
985.94037
1007.66815
1054.7194
844.4338
1056.6562
1162.6356
895.51263
856.13696
1128.9939
1051.1283
1067.9421
996.25476
963.7589
837.5325
694.88556
837.80725
662.95593
710.9776
763.25525
792.55066
689.0274
676.793
682.3217
1051.1375
1064.3419
1025.2745
1036.0839
1092.687
1034.5706
1114.489
1088.3411
1051.74
1089.3729
1087.5128
1095.7979
971.9599
837.8428
1001.4017
739.9914
995.53986
946.1842
817.4538
801.1138
926.3091
829.81647
693.94324
992.8473
1062.5796
1044.1217
1007.66846
1054.7194
852.5262
941.48114
1162.6464
874.95
1035.1155
1128.987
1051.1283
1067.9423
