35
42


20
26
34
54
75
88
105
114
123
135
152
173
182
206
223
242
259
276
293
313
332
349
367
384
407
424
436
453
474
491
502
519
540
557
571
591
608
629
646
660
678
700
718
729
746
767
790
809
827
846
865
874
895
912
925
949
969
978
999


18


22
31
42
50
61
71
82
94
108
125
138
155
162
170
177
185
193
202
209
220
234
242
249
258
268
275
286
297
308
317
328
335
347
357
368
379
391
401
410
422
430
441
448
459
468
479
490
499
509
516
526
535
545
553
563
572
582
592
601
608
618
631
639
648
659
666
675
684
693
702
713
722
732
742
750
760
770
780
790
799
809
817
826
833
842
852
862
872
881
891
901
912
921
932
940
951
958
969
976
983
990
997


20
29
35


11
19
26
35
42
49
62
69
80
87
94
102
109
116
127
139
146
153
160
180
189
196
209
216
223
234
241
250
259
270
280
291
300
309
317
326
337
347
357
367
376
389
397
410
418
427
437
447
457
467
476
483
494
503
513
522
531
539
550
557
569
576
587
595
605
615
626
633
643
652
661
672
683
692
703
713
723
733
742
752
762
773
783
793
803
813
824
835
846
857
868
879
886
896
906
917
927
936
949
956
963
970
977
984
991
998


49


12
21
40
47
57
64
85
102
111
128
137
158
175
185
198
209
228
246
263
274
291
311
328
340
357
377
400
417
430
448
465
482
495
512
533
551
568
587
604
622
639
656
674
691
851
870
887
900
917
937
955
973
983
993


10
19
31
40
60
77
97
115
132
152
171
188
205
222
242
259
277
289
307
327
344
353
373
382
399
417
435
454
471
488
507
516
533
555
575
592
752
769
782
799
816
833
845
864
873
894
911
928
945
962
975
992


13
19
24
30
35
44
49
54
62
67
72
78
85
94
99
108
114
119
125
130
135
140
145
151
157
162
167
175
180
186
191
204
217
222
228
237
246
251
257
262
267
275
287
295
300
305
310
315
328
334
342
351
356
364
377
382
392
397
402
412
417
422
431
439
448
457
462
467
475
483
492
499
507
517
526
533
541
549
557
567
574
582
590
596
605
612
621
626
634
643
652
658
665
674
682
688
697
702
707
713
722
727
733
742
751
759
766
774
784
790
799
807
817
825
832
843
852
860
868
877
882
891
897
906
911
921
926
939
944
950
956
961
969
974
982
987
994


9
16
25
32
39
50
62
77
84
92
99
106
114
126
135
142
153
163
174
182
193
205
215
226
235
247
257
268
277
286
295
306
315
325
332
341
351
358
367
374
385
395
406
415
425
434
443
453
460
470
480
487
497
505
514
525
533
542
549
559
569
578
585
596
603
613
623
633
640
651
660
671
680
691
701
710
720
729
739
747
757
764
775
785
794
804
815
826
836
845
855
863
874
887
900
907
916
926
936
947
958
965
976
983
990


12


14
21
28
49
58
67
84
94
112
129
139
157
179
199
223
240
253
270
282
299
316
337
355
519
536
556
573
590
613
630
650
670
834
851


10


22


11
16


8


15


8


8


12


20


28


7


7


23
28


10


32
39
52
61
74
85
95
105
114
124
135
145
154
164
174
183
196
207
216
226
239
248
261
270
283
293
302
311
322
331
346
355
366
378
388
397
406
419
428
441
450
461
470
479
491
500
510
519
529
538
549
558
569
582
591
607
617
630
639
649
659
668
678
688
697
706
715
730
739
750
759
770
781
795
804
816
825
834
844
854
864
873
882
894
903
915
927
938
948
960
969
976
987
992


13
25
41
50
60
67
76
83
92
106
117
127
148
166
174
192
202
216
233
244
253
270
290
307
318
335
356
365
382
399
416
429
438
459
476
493
512
529
549
567
587
612
632
652
674
695
717
734
755
774
794
812
829
851
868
880
897
914
925
944
953
973
984
993


20


36
51
57
70
80
101
111
123
140
160
173
187
205
222
231
251
269
287
307
326
343
360
372
381
399
418
435
456
476
494
512
535
552
569
586
603
763
780
790
807
824
846
872
882
899
911
928
950
959
976
985
997


9
16
27
44
53
70
79
97
115
134
143
154
171
190
200
217
237
254
272
289
302
320
342
359
377
394
419
438
455
472
485
503
523
540
557
574
599
617
634
657
675
839
856
873
894
911
938
955
973
983
996


44


17
23
31


53
62
74
94
103
120
138
148
158
167
179
196
210
227
248
266
276
298
315
327
345
357
376
393
411
428
446
455
474
491
503
513
523
536
553
571
591
602
622
640
650
667
684
695
713
724
749
766
783
802
819
838
855
876
886
905
918
935
944
951
961
970
988


24


9
14


8


11
16
24
31
42
49
55
62
68
79
86
95
104
121
133
144
169
186
194
207
224
245
265
277
297
307
331
348
370
379
398
415
432
450
467
487
507
524
544
561
581
598
616
629
651
668
689
706
729
747
768
789
808
825
842
859
879
897
914
934
947
958
968
979


10


31


9


32


9
20
37
46
56
67
84
101
113
126
139
151
169
178
196
213
227
249
266
284
307
324
341
362
379
400
419
439
457
474
494
511
523
542
705
723
744
761
778
942
962
972
979
986


13
18
29
36
49
56
67
74
79
98
107
114
121
130
147
165
177
198
218
236
245
264
283
304
314
333
352
362
387
406
424
434
452
471
480
501
521
539
556
717
879
900
919
938
958
975
995


10


19
24


9


35


20
26
34
54
75
82
99
116
135
153
166
187
206
223
243
262
279
298
315
332
349
370
389
400
562
584
744
765
782
802
814
831
852
869
898
921
947
964
974
993


18


22
31
38
45
52
62
70
78
97
104
124
135
149
156
164
175
186
196
207
220
231
242
250
261
268
279
288
297
307
316
327
336
346
355
369
377
388
395
406
417
424
435
442
452
461
471
479
490
499
510
518
528
537
548
559
568
575
584
594
604
613
622
631
640
650
659
669
678
685
696
704
715
726
736
746
756
763
774
784
791
801
810
819
829
840
847
857
866
875
883
894
904
916
926
937
945
959
968
978
986
995


20
29
35


11
18
25
32
43
55
62
70
77
86
99
106
125
139
146
159
166
178
198
205
212
224
235
242
250
260
269
284
291
300
309
319
328
337
346
356
366
376
385
398
405
416
423
434
441
452
459
468
477
487
497
505
516
523
534
544
552
561
571
578
593
600
611
618
629
637
647
655
667
676
686
697
708
718
726
736
743
752
762
770
781
789
800
810
822
831
841
848
859
866
876
886
897
906
920
928
939
946
954
961
971
978
986
998


49
56
68
79
90
101
112
121
133
142
149
160
173
183
198
215
228
242
251
261
270
281
293
303
314
323
335
348
357
368
379
391
403
415
425
436
445
456
465
476
485
498
507
516
528
537
546
555
566
575
587
596
605
616
626
635
646
655
667
677
690
699
709
718
727
738
749
758
769
781
791
804
814
825
836
847
857
867
876
887
897
908
917
929
940
953
966
980
989
999


12
26
35
42
54
63
75
98
115
127
144
161
178
202
222
239
259
268
285
302
319
336
353
365
382
391
410
427
444
462
487
504
521
542
559
577
594
754
767
784
798
815
832
851
870
887
907
925
952
971
988


10
19
30
42
52
61
83
92
252
269
282
295
312
331
348
366
379
396
413
430
448
458
475
495
505
526
543
567
584
744
757
774
794
812
829
999


13
19
25
30
35
44
49
54
63
70
75
80
85
90
95
104
112
121
130
135
140
145
150
157
162
167
175
180
185
190
199
204
209
216
224
229
237
245
253
266
271
276
287
295
300
305
312
317
328
335
340
345
356
363
370
377
389
394
401
409
416
421
430
435
446
452
461
466
474
481
489
496
503
512
518
525
534
541
549
558
563
572
577
584
590
600
607
615
621
628
637
645
652
661
669
678
685
694
700
709
717
726
735
745
750
755
766
771
780
787
796
801
808
817
824
833
842
847
860
867
876
882
887
896
901
910
925
934
939
944
950
955
960
965
970
975
980
987
994
999


9
16
25
32
39
49
59
68
81
88
97
104
114
125
132
146
156
167
175
182
193
204
213
223
230
239
250
263
272
282
293
305
315
326
333
342
352
359
366
376
385
395
402
410
420
428
437
445
455
465
474
483
490
500
510
521
530
539
548
558
568
578
585
593
603
613
622
632
641
652
659
673
682
692
700
710
721
731
740
751
760
770
779
789
800
809
820
830
840
849
860
870
880
891
900
910
920
929
943
950
959
972
979
986
993


12


14
24
36
53
76
94
112
129
148
165
182
194
203
220
237
254
265
282
301
325
342
365
382
404
423
435
456
473
636
657
674
696
856
874
899
916


10


22


11
16


8


15


8


8


12
20


20


28


7


7


23


10


32
39
52
61
73
83
95
108
117
126
138
148
163
172
185
194
206
215
225
234
247
256
269
282
291
301
313
322
333
342
353
363
372
381
393
402
411
420
431
440
453
462
471
480
490
500
510
519
536
545
558
567
578
588
599
608
617
628
637
649
658
676
685
694
703
714
723
732
743
752
761
770
783
792
802
811
821
834
843
855
864
873
883
895
904
915
927
939
949
964
971
983
992


13
25
41


20


36
51
57
70
80
102
123
140
160
173
187
205
222
231
241
251
268
281
292
310
327
334
361
370
379
396
413
430
447
458
475
495
512
525
535
552
713
730
747
764
781
801
819
828
837
998


9
16
27
44
53
70
80
90
99
112
121
138
149
169
190
199
212
229
246
257
266
283
292
309
321
332
342
359
376
397
414
428
445
465
482
503
524
541
558
568
578
595
612
627
644
662
680
690
707
724
741
760
769
787
804
814
831
848
873
890
902
920
938
956
965
972
981
994


44


17
23
31


53
58
63
71
81
90
101
110
119
138
155
164
181
193
202
215
236
246
259
277
298
315
326
343
362
381
398
411
428
447
467
484
505
522
542
551
568
587
755
915
924
933
938
955
962
979
996


24
33


9
14


8
14


11
16
24
31
42
49
55
62
79
91
104
113
122
143
163
169
188
197
207
224
245
264
281
298
322
341
358
379
398
415
429
439
457
476
493
514
532
700
717
878
897
915
925
947
958
968
979
991


10


31


9
19


32


9
20
37
46
56
76
85
105
126
135
146
156
177
194
211
228
250
267
285
302
311
332
349
366
387
554
571
590
601
620
640
661
683
700
725
743
760
781
805
822
835
858
875
893
910
926
943


13
18
29
36
49
57
66
88
98
107
116
134
151
164
181
198
220
229
246
265
274
283
303
315
332
344
361
370
388
406
428
445
465
485
502
520
686
697
860
878
890
907
919
938
958
975


10


19


9


35


20
26
34
54
75
90
107
124
135
156
173
182
203
212
230
243
260
269
289
299
316
335
352
374
391
401
418
435
456
474
492
513
526
544
561
578
596
613
636
654
676
694
716
733
753
772
789
809
827
845
864
881
902
912
925
948
965
974
996


18


22
33
41
48
55
66
75
84
94
101
112
123
135
145
152
165
172
181
195
203
217
227
239
249
260
268
277
285
295
304
311
322
331
341
352
363
375
384
394
403
412
422
431
442
453
463
477
484
495
505
515
525
535
546
555
565
573
584
593
603
610
620
630
638
647
656
666
675
684
693
702
712
719
729
738
749
756
767
776
784
798
805
812
821
828
839
847
858
866
876
886
896
906
917
928
939
950
957
969
976
984
993


20
29
35


11
18
25
32
43
55
62
70
77
84
98
105
122
129
136
143
154
162
171
184
191
199
210
220
231
241
249
264
273
283
293
304
311
321
331
340
347
358
367
376
386
396
406
417
424
434
444
453
463
472
484
494
505
513
525
534
544
552
562
571
582
589
600
609
620
628
638
646
657
665
676
683
693
701
712
719
729
739
750
760
768
778
785
796
805
814
822
833
840
848
858
869
878
889
900
911
922
938
945
953
963
970
977
984
996


49


12
25
36
43
57
65
86
96
106
127
141
162
172
191
210
230
247
266
283
300
318
335
353
371
389
406
418
438
455
464
481
501
520
537
699
716
733
754
771
780
798
817
834
847
864
876
893
919
938
955
973
983
995


10
19
30
48
57
68
85
102
122
139
148
168
187
204
222
241
262
279
298
318
335
354
373
383
400
417
434
457
474
499
516
533
542
560
577
599
616
783
800
813
823
841
858
871
889
909
918
936
953
962
975
992
997


13
19
25
30
35
44
49
54
64
72
80
86
94
99
108
115
120
125
130
135
142
147
153
158
163
169
180
185
190
195
200
205
210
215
225
231
236
241
253
263
268
277
282
287
292
297
306
311
316
328
335
343
352
357
362
374
379
389
397
405
413
421
430
436
446
451
461
467
476
482
492
498
506
517
524
532
537
545
550
561
569
576
583
592
601
608
615
623
631
639
652
658
673
681
688
697
706
711
720
726
734
742
751
756
765
774
781
788
796
806
815
823
832
841
846
855
860
868
873
883
888
895
900
911
917
926
933
940
950
957
965
970
975
981
990
997


9
16
27
36
47
55
69
76
84
91
98
105
115
123
135
142
150
162
170
179
190
201
210
221
232
240
251
261
271
282
293
304
311
321
331
341
348
359
366
376
385
394
404
412
423
430
440
449
458
467
477
484
494
501
514
521
528
537
547
557
568
577
586
594
603
613
623
631
642
651
660
671
682
691
700
707
718
729
739
750
759
769
779
789
799
808
817
828
838
846
856
865
876
887
900
907
917
929
940
947
958
971
981
988
995


12


14
20
37
49
67
84
94
112
129
138
157
178
195
212
231
248
265
282
301
327
349
366
383
392
412
429
450
472
489
509
526
690
710
735
756
777
944


10


22


11


8


15


8


8


12
20


20


28


7


7


23
28


10


32


13
25
34
40
49
54
65
70
83
108
117
136
146
166
175
195
215
225
244
254
263
281
293
312
332
349
361
378
395
412
424
441
462
479
488
505
522
540
558
567
586
604
622
639
658
679
696
717
734
753
774
791
813
834
852
869
881
902
920
932
952
973
980


20


36
51
60


9
16
23
43
52
64
81
98
115
133
154
171
190
200
217
238
255
266
283
293
313
322
343
353
364
381
401
418
439
456
469
478
495
508
525
535
557
574
592
609
630
650
669
691
709
726
740
758
777
794
811
820
837
863
880
900
917
926
938
956
963
972
981
991


44


17
23
31


53
58
63
71
93
110
119
138
158
179
191
200
220
230
247
266
275
286
304
314
333
343
363
381
398
407
428
446
466
483
502
523
532
542
551
568
586
599
608
617
627
646
655
668
679
696
708
731
749
758
767
779
795
812
823
844
854
871
888
906
924
933
938
955
961
973
982
988


24
33


9
14


8
14


11
16
24
31
41
60
65
74
81
98
109
120
137
155
169
189
198
215
224
234
252
258
267
277
303
322
343
360
370
379
398
415
432
451
469
490
507
524
688
850


10


31


9
19
38
45
64
71
91
108
131
140
150
157
177
189
209
229
251
268
288
307
316
333
350
367
384
407
424
588
605
767
788
805
826
843
864


32


9
28
46
56
76
85
105
126
139
156
177
194
211
228
250
267
285
302
313
332
349
366
387
553
571
591
608
628
645
664
677
694
711
733
751
770
789
807
824
844
861
878
895
912
930
947
959
979
991


13
18
29
36
49
67
76
93
114
130
147
165
175
194
211
221
230
243
264
273
292
304
315
332
344
353
368
387
404
430
443
460
625
642
660
820
840
859
877


10


19
24


9


35
42


20
26
34
54
75
88
100
109
116
135
144
156
174
192
203
212
230
243
261
270
289
306
325
342
362
382
399
418
435
453
473
490
509
526
543
560
577
594
614
631
652
669
694
711
729
746
767
790
809
827
846
870
888
899
917
936
953
974
983
993


18


22
31
38
45
52
62
70
79
90
97
108
126
133
145
152
159
168
178
191
198
209
216
225
239
248
260
268
276
285
296
304
315
325
335
346
353
363
371
382
391
402
412
422
431
441
448
461
469
479
489
500
509
519
528
538
547
557
565
574
583
593
603
613
620
630
642
651
659
669
678
685
696
706
716
726
735
745
752
761
770
780
788
795
803
810
819
826
834
843
852
862
873
882
892
905
913
924
935
946
959
967
977
989
996


20
29


11
18
25
32
43
54
65
72
80
94
101
108
115
122
131
138
151
162
171
178
190
200
214
225
236
244
253
262
271
279
288
298
305
314
324
334
345
355
366
377
387
397
407
415
424
433
443
453
462
472
481
488
499
507
518
525
536
546
554
565
574
583
593
603
615
623
633
642
651
662
673
684
691
700
708
718
729
738
745
752
763
770
780
791
800
810
821
832
840
849
859
867
884
892
903
913
930
938
945
953
963
970
977
984
991
998


49


12
26
35
42
54
63
75
96
107
116
127
142
154
171
191
209
228
245
255
267
286
295
313
334
353
370
387
410
427
447
467
485
503
513
530
541
551
572
585
594
755
767
787
804
821
838
849
866
883
900
917
926
945
963
983
995


10
19
30
38
48
56
75
92
101
121
130
147
154
171
188
207
227
244
254
271
289
307
329
346
357
374
392
411
428
445
462
474
499
516
533
556
575
592
613
630
647
667
684
702
720
738
898
917
934
945
962
977
997


13
19
24
30
35
44
49
54
63
68
73
81
94
99
108
119
125
130
135
144
149
154
159
164
173
178
183
188
202
208
216
221
230
238
243
248
257
263
269
278
291
296
301
307
314
326
331
336
341
347
356
362
371
377
386
397
402
407
416
423
431
446
454
463
469
480
485
494
499
509
514
523
529
536
541
548
557
565
574
585
593
601
610
615
624
633
640
648
653
661
670
677
686
691
700
706
714
723
731
738
747
754
761
770
775
782
790
798
806
813
822
831
839
849
854
865
872
880
885
893
901
909
923
928
934
939
948
956
962
968
984
990
996


9
16
25
32


12


14
21
28
49
67
84
94
112
130
152
170
179
192
210
227
245
265
282
299
312
329
350
367
384
405
423
440
460
480
497
521
540
561
580
597
621
641
662
679
700
862
882


10


22


11


8


15


8


8


12
20


20


28


7


7


23


10


32


13
25
34
40
49
54
67
76
85
92
106
117
129
146
166
175
195
214
224
244
253
270
282
303
323
340
349
366
385
406
415
424
441
462
479
491
508
671
684
703
720
881
890
909
927
942
960
973
983
991


20


36
51
57
70
80
101
111
122
139
159
170
189
199
209
218
235
251
268
279
289
298
311
328
340
359
378
387
396
413
430
447
458
467
485
502
513
535
552
712
721
738
755
772
781
801
811
832
855
872
889
910
919
941
950
967
976
997


9
16
27
44
53
70
79
98
115
136
154
172
182
191
212
231
243
254
272
289
300
318
329
338
359
376
397
417
434
457
466
630
647
660
677
699
721
881
901
912
925
942
952
972
981
990
998


44


17
23
31


53
58
71
92
109
118
136
153
173
193
210
230
241
250
261
272
289
303
313
324
341
359
376
389
406
424
437
455
476
498
515
527
544
556
565
575
592
613
630
651
668
680
690
708
731
748
765
784
795
804
817
826
837
848
868
887
905
922
932
945
954
961
970
988


24
33


9
14


8


11
16
24
31
41
60
65
74
86
95
104
121
133
153
169
188
202
211
229
250
267
284
302
322
341
358
379
539
560
577
596
617
637
656
676
699
710
873
887
906
924
942
960
969
986
995


10


31


9
19
38
43
61
70
91
109
129
139
150
163
180
189
209
229
246
263
280
290
301
318
335
352
374
392
413
430
451
468
485
505
524
545
563
580
741
758
778
795
959
981
999


32


9
20
37
46
56
76
85
102
114
134
151
169
178
196
213
227
248
265
274
291
311
332
349
366
387
556
573
737
755
772
794
812
972
991


13
18
29
36
49
67
72
85
94
114
130
147
166
191
203
212
229
246
265
274
283
303
312
328
490
501
521
539
556
720
738
759
769
782
803
820
839
852
869
890
907
931
940
957
975
995


10


19
24


9


35


20
26
34
54
75
82
96
105
125
144
161
172
181
206
223
244
262
279
296
309
326
346
363
373
391
408
425
444
461
479
497
515
532
549
572
589
750
767
785
795
812
972


18


22
31
38
45
52
62
70
79
86
95
106
117
128
137
155
162
170
193
202
215
227
239
249
259
268
276
287
294
304
313
322
333
344
354
365
375
385
395
406
417
426
435
445
455
465
474
489
496
510
517
527
536
545
553
564
574
584
593
603
613
620
630
637
647
655
666
676
686
697
707
718
726
735
745
752
761
770
780
788
796
806
816
826
834
842
852
859
868
877
884
894
904
917
928
939
953
961
976
986
996


20
29
35


11
18
25
32
43
56
63
78
91
98
105
113
124
131
142
152
163
174
184
193
205
215
228
237
244
254
261
270
280
287
298
305
314
324
334
344
354
365
374
384
393
404
414
424
434
442
452
462
473
481
492
499
510
518
529
539
549
560
569
580
589
599
609
620
630
641
649
659
668
679
690
699
709
718
728
738
745
756
766
777
786
796
807
815
827
838
851
862
870
881
893
903
913
924
937
948
955
962
972
979
987
996


49
56
69
76
88
95
109
116
126
137
146
158
168
177
186
196
208
217
228
238
251
259
271
282
293
305
316
325
338
349
359
368
384
393
406
416
426
435
446
455
464
477
487
498
511
521
530
542
551
563
573
586
596
605
619
628
639
648
657
666
676
687
696
705
716
725
736
745
756
765
777
789
798
807
817
828
838
850
861
871
881
892
901
914
923
936
945
958
972
982
998


12
26
35
43
60
81
99
116
127
148
165
182
200
222
239
248
265
283
300
321
339
356
376
395
404
425
442
454
471
481
498
510
527
548
567
585
602
622
639
656
666
683
695
712
731
751
768
928


10
19
30
47
57
68
85
102
122
139
148
168
187
207
227
244
257
274
291
304
321
342
359
380
397
416
437
454
471
490
507
526
543
567
584
603
620
638
657
817
834
851


13
19
24
30
35
40
48
54
59
64
69
75
80
87
94
99
108
113
118
125
134
146
151
156
162
168
177
182
187
192
199
204
209
215
220
225
234
239
245
256
261
271
276
292
305
312
318
323
331
337
342
347
353
362
367
372
379
384
392
401
409
414
420
430
438
448
453
459
466
475
481
490
498
506
517
524
533
542
549
559
564
575
583
593
600
609
615
623
630
639
646
655
663
670
679
684
692
700
706
715
722
727
732
741
751
756
765
770
779
784
793
798
807
813
823
828
837
843
852
860
868
874
882
889
898
903
908
913
921
926
938
948
955
970
976
984
989
994


9
16
25
32
39
46
55
62
74
90
99
108
115
122
133
144
155
167
174
187
194
208
215
226
235
251
258
268
279
290
297
308
315
326
334
344
351
361
370
381
392
402
412
420
428
437
445
455
462
471
478
489
500
508
517
528
536
545
554
563
570
581
590
601
608
618
627
637
647
656
667
680
689
699
708
719
726
739
746
757
765
774
783
794
804
814
825
836
847
858
870
881
892
899
910
919
932
944
952
963
972
979
986
993


12


14
21
38
55
76
89
112
129
143
155
177
186
203
224
245
265
282
299
308
325
346
363
380
399
418
435
452
473
633
653
818
978
988


10


22


11


8


15


8


8


12


20


28
33


7


7


23


10


32


13
25
35
41
54
65
76
85
92
106
116
128
141
151
160
180
200
217
229
249
267
284
291
308
318
329
346
358
375
396
413
438
459
476
493
512
532
553
572
593
611
774
791
808
818
828
852
869
881
898
909
927
943
952
961
972
983
992


20


36
51
57
70
80
102
128
146
153
173
187
203
220
241
258
267
284
301
319
328
346
364
381
398
415
428
446
458
475
492
509
518
536
553
571
588
606
625
648
666
677
694
708
726
738
755
778
795
813
830
847
856
871
888
901
910
919
936
949
959
972
981


9
16
27
44
53
70
79
98
116
137
148
165
177
198
207
216
239
258
267
280
297
307
319
336
345
356
368
377
401
419
437
447
464
477
495
512
529
546
557
575
593
611
628
645
658
677
696
714
731
748
767
776
793
810
828
846
863
883
900
921
937
949
958
970
981
994


44


17
23
31


53
58
70
80
98
115
122
132
149
166
179
196
205
225
237
248
266
275
284
295
304
321
328
335
346
363
374
385
395
413
430
451
460
477
495
514
532
543
560
573
590
611
628
648
666
676
695
715
732
749
759
779
794
803
820
838
855
872
890
907
924
933
938
955
966
983


24


9
14


8
14


11
16
24
31
42
49
55
62
79
91
104
121
133
144
153
169
188
197
209
220
238
258
277
299
316
333
350
370
379
398
415
432
449
467
485
507
524
687
699
716
735
748
766
777
794
958
970
990


10


31


9
19
38
45
66
75
85
98
109
118
129
140
150
159
177
197
214
225
234
251
269
287
307
324
341
362
526
538
556
577
594
615
776
795
814
842
859


32


9
20
37
56
65
85
102
113
126
137
146
155
168
188
210
228
249
266
284
302
314
332
349
366
388
552
562
581
594
611
631
648
808
829
847


13
18
29
36
49
57
66
88
98
107
116
133
150
168
178
191
203
212
229
246
265
283
303
312
329
338
353
370
388
406
423
441
453
470
634
651
672
689
850
871
890
907
920
937


10


19


9


35


20
29
42
59
76
89
107
125
135
153
164
181
206
223
243
260
270
289
298
315
332
342
363
380
400
418
431
448
465
483
500
660
679
700
717
729
746
909
929
942
962
979
992


18


22
29
36
50
57
64
71
84
94
101
109
126
137
155
162
172
185
196
207
218
229
238
255
262
273
284
294
303
313
322
330
340
350
361
372
383
394
404
413
423
432
440
452
461
474
482
493
504
514
521
531
538
549
558
568
575
585
595
604
614
621
629
639
648
657
666
675
684
694
701
711
725
736
745
755
768
775
785
793
802
810
819
829
837
846
857
866
876
887
898
908
919
929
940
949
964
971
978
986
996


20
29
35


11
18
25
32
43
56
65
80
91
99
106
117
124
135
144
160
170
177
190
199
214
227
237
247
257
265
281
288
298
306
316
325
335
346
354
364
374
384
393
403
413
423
432
442
449
459
468
478
486
496
505
516
523
532
542
553
562
572
582
593
602
613
623
632
642
649
660
670
680
692
704
713
722
731
741
749
760
769
780
790
798
808
819
827
839
849
859
870
880
891
902
912
921
932
948
957
964
971
978
987
998


49


12
25
36
43
60
70
76
85
106
115
127
148
165
182
198
222
239
257
283
300
318
335
356
379
396
414
431
444
461
624
641
664
681
698
715
732
752
769
792
810
827
850
859
883
894
906
925
943
961
979
988


10
19
30
52
69
83
92
253
270
279
289
306
327
344
357
374
391
403
420
437
454
463
480
497
515
534
557
575
592
759
778
796
816
833
846
863
882
909
918
936
953
970
986
995


13
19
24
30
35
44
49
54
60
65
71
78
86
91
96
101
110
115
125
130
135
141
149
159
168
175
180
185
190
198
208
215
220
225
230
235
241
250
255
267
272
277
283
289
295
301
306
312
318
326
331
336
341
353
363
368
373
379
384
390
399
409
414
419
428
436
444
454
459
468
475
483
489
494
503
512
520
529
536
541
550
559
568
575
588
595
601
612
617
627
633
640
649
656
663
672
679
688
697
706
711
721
730
738
750
755
762
767
776
781
791
798
807
814
820
828
835
844
851
860
867
875
884
894
903
908
913
918
926
933
940
949
956
962
968
977
983
991


9
16
30
37
44
56
63
76
87
97
104
111
123
130
137
148
163
172
181
188
198
205
212
219
231
238
248
259
266
282
289
302
309
319
326
339
346
357
366
376
386
395
405
415
423
433
441
451
460
470
481
492
500
510
519
528
535
545
554
563
571
581
588
599
607
618
628
639
649
658
667
679
688
699
706
716
724
733
742
753
760
769
776
787
798
808
818
828
843
850
861
871
880
892
902
913
922
938
947
955
964
971
978
985
992
999


12


14
21
28
49
67
84
94
112
129
138
152
177
194
211
229
247
265
282
299
311
328
345
365
382
401
419
436
457
474
638
658
675
696
856


10


22


11


8


15


8


8


12
20


20


28


7


7


23


10


32
39
53
62
72
81
92
103
112
121
131
142
153
162
172
199
209
220
230
240
249
259
270
280
289
302
311
323
333
342
352
361
371
380
391
401
412
421
432
442
451
462
471
483
492
501
511
520
530
539
550
559
569
578
588
597
608
617
630
639
648
659
668
677
686
695
705
714
727
736
749
758
767
776
785
794
803
814
823
842
851
860
867
877
886
897
908
917
929
937
948
969
976
989


13
25
34
40
48
58
76
83
92
106
117
127
140
160
180
189
198
211
233
250
263
281
298
311
320
337
358
375
396
413
434
443
453
470
491
502
519
537
558
567
584
602
624
646
664
674
696
718
739
756
777
797
818
835
852
869
878
896
907
925
934
943
960
973
983
991


20


36
51
60


9
14
22
32
43
52
61
68
89
101
112
121
138
148
169
193
202
219
226
243
253
272
294
313
322
342
359
369
378
396
419
437
447
464
477
495
508
525
535
549
566
579
599
616
637
658
675
841
858
868
886
897
909
921
934
951
971
981
990
998


44


17
23
31


53
58
65


24


9
14


8
14


11
16
24
31


10


31


9


32


9
20
35
55
64
83
101
118
139
156
177
194
211
228
250
268
285
302
311
332
349
366
387
554
571
590
750
910
926
943


13
18
29
37
61
78
90
98
107
116
129
146
167
191
209
227
244
264
273
292
303
312
319
336
353
367
385
406
428
445
466
485
502
520
531
552
569
729
750
770
781
798
819
837
855
877


10


19
24


9


35
42


20
26
34
54
75
82
99
116
124
135
156
177
187
203
216
234
251
268
285
298
315
478
497
660
820
839
856
873
894
911
931
942
962
979
999


18


22
29
38
48
57
69
78
90
97
108
119
130
140
155
165
175
185
195
206
214
224
236
249
262
273
284
291
302
312
322
333
340
348
359
370
379
390
399
409
422
431
440
450
460
469
479
489
498
508
516
525
535
543
553
563
572
582
592
605
614
623
632
646
655
665
676
684
692
701
710
719
729
739
749
759
770
780
791
802
811
819
826
835
846
855
866
875
884
892
903
913
924
934
946
956
963
976
983
990
997


20
29
38


11
18
25
34
46
55
65
72
79
88
95
106
117
124
140
149
157
164
171
178
198
206
215
222
229
240
249
259
266
275
286
294
304
313
326
333
342
349
360
369
379
386
396
405
416
429
436
446
456
463
474
485
505
512
523
531
542
552
561
571
580
591
599
609
616
627
634
644
654
664
675
685
693
703
714
724
731
741
752
762
772
782
789
800
813
820
831
839
850
858
871
878
885
896
904
918
925
935
945
953
963
970
977
984
993


49


12
22
32
39
48
57
66
81
99
116
127
144
162
172
189
200
217
239
259
268
285
302
319
336
358
376
396
413
430
449
467
492
510
527
548
565
586
603
622
639
656
673
690
708
718
739
756
773
791
804
821
838
861


10
19
31
40
57
68
85
102
121
130
147
154
171
188
207
226
243
256
273
290
302
320
330
348
366
383
403
425
443
460
477
486
505
523
541
560
577
737
750
767
784
805
822
834
851
868
889
912
929
946
967
986


13
19
24
30
35
44
49
54
59
68
78
83
88
96
101
110
115
120
125
130
138
147
156
170
175
187
197
202
208
215
224
231
240
245
250
255
261
266
280
285
292
299
309
316
323
330
338
343
348
353
367
372
377
382
399
406
417
422
427
433
440
449
458
467
475
482
492
499
508
515
524
529
538
543
552
563
569
577
584
593
598
605
612
620
627
635
643
653
662
667
678
683
690
699
709
715
720
730
735
740
745
752
759
768
775
784
790
799
807
815
822
829
838
847
860
866
875
881
887
892
902
907
912
918
925
934
939
944
950
956
961
973
978
984
989
994


9
16
25
32
39
50
66
74
85
97
104
114
123
135
142
149
160
167
175
182
202
209
220
231
240
250
261
271
284
294
303
316
326
335
344
355
365
372
382
389
400
411
421
431
442
451
460
470
479
488
495
502
511
521
531
540
550
557
566
573
582
590
601
608
617
627
634
645
655
664
673
684
694
704
715
725
734
745
755
766
773
786
794
807
815
829
837
849
859
870
880
890
901
912
922
933
943
956
965
976
983
991


12


14
20
37
49
67
84
94
112
129
152
170
179
199
220
237
254
265
282
299
312
329
350
367
384
405
422
443
460
480
497
514
531
552
569
732
753
774
791
812
829
850
868
881
903
920
932
944
964
988
998


10
21
40
49
66
72
84
105
122
141
150
167
179
202
214
223
241
263
280
299
318
340
357
378
395
413
433
450
471
488
498
519
537
554
578
595
616
627
790
809
830
847
864


22


11
16


8


15


8


8


12


20


28


7


7


23


10


32
39
50
60
72
87
98
108
118
127
140
149
160
170
180
190
199
210
219
231
240
249
258
268
277
290
300
310
321
332
341
352
361
371
383
393
402
411
421
431
440
450
460
469
480
489
501
510
522
531
544
553
566
575
588
597
609
618
627
636
645
654
664
673
682
694
703
712
723
736
745
762
772
783
792
802
811
821
832
842
853
862
873
882
894
904
916
925
939
948
969
982
987
992


13
25
35
41
50
59
70
79
90
110
119
136
147
160
169
189
199
211
232
252
270
282
291
300
317
327
341
358
375
396
413
430
439
452
461
476
493
511
520
540
558
568
586
609
618
638
655
673
700
717
734
753
770
788
798
817
834
851
869
881
902
919
932
950
960
972
984
993


20


36
51
60


9
21
32
43
52
65
90
99
111
137
148
169
198
216
234
257
274
291
308
332
349
364
381
394
411
430
447
457
469
486
511
528
549
558
578
600
617
637
656
673
691
707
724
743
752
769
787
805
818
835
848
865
878
895
920
937
954
971
981
990
995


44


17
23
31


53
58
70
78
86
95
106
117
132
152
173
182
200
218
230
247
268
284
301
314
323
334
347
364
381
398
409
432
449
466
479
496
513
526
535
544
558
575
593
614
632
650
667
690
708
729
748
765
783
794
803
820
838
851
860
877
887
899
922
945
957
966
988


24
33


9
14


8


11
16
24
31
42
49
55
62
73
91
104
121
133
144
169
189
198
215
224
245
264
281
304
325
345
364
381
398
415
425
442
451
470
488
509
527
544
561
579
596
616
633
653
670
689
706
723
744
761
780
789
808
825
842
859
879
897
906
917
928
942
960
979
988


10


31
41
54
67
75
90
109
115
120
129
150
159
172
191
208
220
236
245
266
283
300
317
330
351
360
379
389
402
423
433
454
473
490
507
518
542
559
580
591
608
625
637
655
672
691
700
721
730
751
768
777
797
818
835
858


9


32


9
20
37
56
76
96
105
126
135
145
156
177
194
203
226
239
258
279
296
314
332
349
366
387
554
571
590
750
770
788
807
824
988


13
18
29
37
60
67
76
93
102
115
130
147
158
178
195
217
234
252
270
292
303
312
331
353
370
388
405
426
443
462
471
490
502
520
540
557
577
594
613
632
656
673
682
711
728
745
767
787
804
966
983


10


19


9


35


20
29
42
59
76
94
103
113
125
142
162
180
189
206
223
243
260
270
289
298
315
343
362
382
407
570
591
608
632
649
815
832
994


18


22
38
45
52
63
70
81
90
97
107
122
137
147
158
169
180
191
202
212
223
233
243
254
265
275
283
294
304
314
325
334
345
353
364
374
385
395
405
414
424
435
445
455
465
472
485
492
504
514
522
533
542
552
559
569
578
587
596
605
615
622
632
640
648
659
666
675
684
692
699
708
719
729
740
747
756
763
774
783
791
799
809
817
826
833
842
853
863
873
882
894
906
913
924
933
943
955
966
973
987
996


20
29
35


11
18
25
32
42
55
62
70
77
94
101
108
115
122
129
136
143
150
160
175
186
197
209
217
227
235
244
251
262
271
280
290
301
309
318
328
337
346
355
362
372
382
390
399
409
419
428
439
448
458
467
478
487
497
508
518
527
537
549
556
563
572
582
593
601
610
620
630
639
648
658
670
679
690
699
711
719
727
736
743
752
762
772
783
796
806
816
826
833
848
857
868
878
888
897
908
921
928
946
956
967
978
986
999


49


12
25
36
43
51
60
75
96
105
124
136
154
171
191
200
217
228
245
263
280
298
316
333
353
371
388
401
419
436
454
471
487
504
521
542
559
578
595
612
633
650
669
687
704
722
740
757
774
798
815
826
845
860
883
895
921
939
952
971
988
997


10
19
30
50
57
68
85
97
118
135
156
173
183
197
217
234
251
268
277
295
312
330
347
359
381
403
425
443
460
477
488
507
524
538
556
575
592
609
627
644
661
678
698
707
724
741
758
779
796
813
830
849
866
883
904
922
941
954
975
992


13
19
24
30
35
44
49
54
59
64
69
74
79
97
109
115
120
125
130
135
140
145
151
157
162
167
184
189
194
204
209
215
221
231
239
246
251
256
266
271
278
283
290
295
300
305
311
317
324
329
334
340
350
355
364
373
380
385
392
397
406
411
423
428
436
441
449
454
463
469
476
482
491
497
507
516
521
529
534
541
549
556
565
573
581
590
596
606
611
620
627
636
641
646
653
660
667
676
687
692
701
706
715
720
726
735
741
748
754
762
768
773
783
788
798
803
812
821
830
839
846
855
863
868
878
883
894
904
910
918
927
934
939
944
949
956
965
970
978
983
988
993
998


9
16
27
36
43
50
61
73
84
96
104
111
122
132
140
149
167
175
186
195
202
209
219
231
241
252
264
274
284
294
308
315
327
334
341
351
361
374
382
393
403
412
420
429
438
448
457
466
475
484
493
502
511
520
527
537
547
557
566
576
585
596
606
617
625
634
644
654
664
675
684
694
704
715
725
734
742
752
763
773
784
795
806
815
824
834
844
854
863
872
879
890
898
911
920
931
945
952
961
969
980
999


12


14
24
36
43
53
76
94
112
129
152
170
181
198
220
237
258
280
299
316
337
355
519
536
556
717
732
753
773
791
813
836
853
873


10


22


11
16


8


15


8


8


12


20


28


7


7


23


10


32


13
25
34
40
47
59
65
76
85
92
109
118
127
142
160
178
189
200
217
229
249
267
284
291
308
318
335
356
365
382
399
416
425
442
464
481
491
512
530
551
571
732
750
769
789
952
961
983
991


20


36
51
60


9
16
27
44
53
70
79
99
116
137
148
165
174
192
211
230
239
258
267
280
301
319
336
345
358
375
392
413
422
440
449
468
485
502
523
540
557
578
595
617
634
658
675
839
856
873
883
892
913
938
956
965
974
994


44


17
23
31


53


24
33


9
14


8


11
16
24
31
42
49
55
62
73
91
108
120
138
147
169
188
202
211
229
238
258
267
284
303
322
342
360
370
379
397
414
427
444
465
482
492
513
530
551
560
581
598
616
629
646
667
687
704
721
732
749
766
789
808
825
842
860
871
888
907
924
944
962
974
991


10


31


9
19
38
45
64
75
85
102
124
141
158
169
189
209
228
246
256
268
288
307
327
345
363
382
401
418
580
600
617
639
802
819
983


32


9
20
37
56
65
84
101
122
134
152
169
178
196
213
227
250
267
279
296
314
334
351
368
388
552
564
583
750
769
929
950
959
979
991


13
18
29
36
49
57
67
74
83
90
98
107
116
133
150
169
178
191
203
212
229
246
265
274
283
304
313
333
353
370
388
406
423
443
465
482
507
524
544
561
587
599
608
625
644
663
681
701
719
743
764
782
803
820
983


10


19


9


35
42


20
26
34
54
75
82
99
116
125
147
164
185
208
228
245
262
280
298
315
335
352
372
390
407
424
442
459
477
495
517
539
558
576
596
613
636
653
676
694
715
734
752
772
791
809
827
846
865
882
903
918
935
953
974
983
994


18


22
31
38
45
52
62
72
79
89
103
125
136
147
158
169
181
193
203
216
226
235
246
256
267
278
289
298
309
320
331
340
350
360
370
380
391
402
413
424
434
444
454
461
471
478
489
498
509
519
527
538
548
558
567
578
585
595
603
613
620
629
639
648
659
669
678
689
698
707
718
726
734
742
750
759
769
776
785
793
802
809
819
829
839
848
861
870
880
887
894
908
917
929
938
945
966
973
983
990
998


20
29
35


11
18
25
32
43
56
64
71
78
95
102
114
124
145
152
164
171
187
197
208
219
227
238
247
257
264
278
287
297
306
316
325
334
344
354
361
372
379
389
396
405
414
424
433
443
450
461
471
479
489
499
510
520
529
539
549
559
568
579
587
598
606
616
623
633
642
649
659
669
679
690
699
710
721
731
740
750
760
770
778
788
797
807
817
827
841
849
860
870
878
890
899
910
926
933
942
949
956
965
973
983
990
998


49


12
25
33
59
66
75
100
109
128
149
161
178
200
217
238
259
268
286
311
328
346
364
382
391
410
425
442
455
472
492
517
534
551
568
585
594
604
621
638
655
665
682
703
720
740
757
775
792
810
830
847
866
883
900
916
926
943
960
977
986


10
19
30
41
50
210
227
240
257
276
293
312
329
342
359
380
397
412
431
448
469
486
503
526
543
563
575
592
613
630
647
807
824
841
858
870
889
907
924
942
960
977
994


13
19
24
30
35
44
53
59
64
71
77
82
89
94
99
109
114
119
125
130
139
150
159
166
179
184
189
194
199
204
216
221
226
239
248
257
262
269
274
280
285
292
300
305
311
316
326
331
336
341
346
355
360
365
373
383
390
400
406
422
430
439
448
457
466
474
481
489
496
506
512
518
523
532
537
546
552
557
566
575
581
586
595
601
611
617
622
631
638
650
655
663
670
678
687
692
702
708
721
726
734
739
748
756
764
773
778
787
795
800
814
823
832
843
852
859
867
877
882
887
894
905
910
921
928
934
939
944
949
958
968
973
979
984
989
994
999


9
16
25
32


12


14
24
36


10


22


11
16


8


15


8


8


12
20


20


28


7


7


23


10


32


13
25
35
41
53
60
67
76
84
95
107
127
142
160
178
189
201
218
235
253
270
282
300
310
327
339
360
377
390
407
424
442
459
476
493
512
529
546
565
586
603
624
641
652
674
696
717
734
753
762
783
796
956
973
983
992


20


36
51
57
70
80
101
111
123
140
160
177
195
205
222
231
241
251
268
281
294
311
322
340
358
376
385
404
413
430
450
467
477
494
511
534
551
572
592
611
628
645
654
674
691
855
872
885
903
921
933
944
967
976
985
997


9
16
27
45
54
63
72
81
98
115
124
137
156
169
190
207
216
236
253
272
294
313
322
343
352
371
388
406
419
439
458
475
492
512
529
549
558
579
596
614
632
642
655
672
689
709
726
747
767
779
796
956
964
971
981
990
995


44


17
23
31


53
62
70
77
86
100
119
138
159
171
181
193
210
230
248
266
275
284
298
315
334
346
363
383
400
417
427
437
447
466
483
500
513
522
539
556
568
587
599
608
621
640
649
670
687
709
720
739
760
781
800
809
818
838
855
872
888
905
915
924
933
938
961
970
988
997


24


9
14


8


11
16
24
31


10


31
41
54
67
75
90
109
117
127
145
159
177
186
203
215
236
245
408
427
446
464
483
500
518
539
556
579
597
618
637
655
672
834
851
860
881
890
910
929
946
966
983


9


32


9
20
37
46
56
74
94
112
134
151
169
178
196
213
227
248
265
274
294
311
332
349
366
387
554
571
590
607
619
636
657
676
693
705
723
743
752
761
925
936
945
964
973
980


13
18
29
37
58
75
92
114
123
143
152
163
180
200
209
226
243
264
273
292
304
313
333
353
370
534
552
569
586
750
769
792
803
820
839
852
869
886
906
916
936
953
975
995


10


19


9


35
42


20
26
34
54
75
88
105
114
124
144
156
173
182
202
212
230
243
260
269
289
298
315
478
490
511
529
541
558
578
596
614
637
654
676
696
715
732
749
762
781
798
815
975
985
991


18


22
31
38
45
52
62
72
83
93
100
110
121
131
142
152
160
173
181
192
201
215
222
229
240
249
261
272
281
290
300
310
320
329
340
350
361
371
382
392
401
408
418
427
436
447
458
467
477
488
495
506
515
525
534
544
555
565
574
583
592
603
614
623
633
642
650
657
666
675
684
694
702
713
723
733
742
751
762
771
782
791
802
811
818
827
837
846
854
861
871
882
892
903
914
921
932
943
956
963
973
981
989
996


20
28
37
42
48
55
61
66
71
79
85
91
96
101
106
111
117
124
129
134
140
148
153
158
163
171
180
185
190
195
205
210
215
221
227
235
242
251
257
275
280
288
297
302
310
316
331
340
345
354
363
368
375
383
388
393
398
407
415
423
433
439
448
456
461
470
478
485
492
497
505
512
520
525
532
540
547
555
563
571
579
587
595
602
609
617
623
631
638
645
652
661
667
674
682
690
697
702
709
718
723
731
739
746
755
764
772
780
786
794
802
809
816
823
832
840
848
855
864
871
879
886
896
903
912
919
928
933
942
953
959
966
983
988
993


11
18
25
32
43
56
67
76
86
106
115
125
140
147
157
168
181
191
202
211
222
231
241
250
270
279
289
298
307
314
325
334
343
354
361
370
379
390
398
406
413
424
431
441
449
460
467
476
485
495
507
514
524
531
544
551
561
571
581
590
601
610
621
628
639
646
657
668
679
692
701
713
723
733
742
752
762
772
779
790
800
808
817
828
842
851
861
870
881
892
903
913
924
936
943
950
957
964
971
988
999


49
56
65
72
85
99
106
115
127
137
146
155
165
175
188
199
208
217
229
243
256
267
277
291
300
313
324
336
347
356
368
378
388
399
412
421
431
440
450
460
471
481
492
502
512
524
534
544
554
565
574
586
595
605
615
626
636
648
657
667
679
688
700
710
721
730
742
752
762
782
791
802
814
826
838
848
859
869
879
892
901
914
923
934
944
955
968
981
990


12
21
39
46
59
70
78
87
108
127
144
161
180
200
217
239
248
265
283
296
311
328
346
355
376
395
415
438
455
476
497
514
535
695
712
730
747
765
782
799
818
836
860
877


10
19
30
47
68
85
102
121
130
147
154
163
172
189
207
227
244
257
274
291
307
327
344
357
374
392
409
426
444
453
466
475
497
514
534
554
575
592
613
630
647
664
686
703
720
737
758
778
795
812
829
844
855
873
894
911
928
945
962
975
992


13
19
24
30
35
44
49
54
62
70
81
86
91
96
101
106
111
122
127
132
138
145
151
157
162
168
177
184
189
194
204
209
214
220
225
230
239
250
255
261
269
274
280
287
295
300
305
312
317
329
335
340
348
353
363
368
373
379
384
393
403
408
416
425
434
439
444
451
459
467
476
481
490
498
505
513
518
527
535
541
549
554
564
569
579
584
593
598
608
614
622
630
638
645
652
658
666
674
682
689
697
706
715
722
731
743
751
759
767
776
781
789
794
806
811
819
828
834
843
851
860
867
876
890
897
904
918
926
931
937
950
959
965
970
975
984
989
996


9
16
25
32
39
50
63
76
84
91
98
109
116
123
131
140
162
170
177
185
195
207
215
225
235
246
256
267
278
289
300
310
321
329
339
349
360
370
378
388
397
408
419
427
437
444
453
464
471
481
489
497
507
517
527
535
542
551
562
571
581
591
600
610
620
629
638
648
659
666
679
686
696
704
715
725
734
744
755
765
776
785
796
805
816
826
837
849
859
872
881
891
902
913
926
936
943
950
961
972
991
998


12


14
20
27
37


10


22


11


8


15


8


8


12


20


28


7


7


23


10


32
40
50
62
69
84
93
103
112
124
133
145
155
164
174
183
193
202
214
223
235
244
256
267
277
286
298
309
318
327
337
346
358
367
380
389
405
414
423
432
445
454
465
474
485
494
503
515
524
537
546
555
565
576
585
596
605
617
626
636
646
658
667
679
688
697
706
716
725
736
745
756
765
777
786
797
806
815
827
836
848
858
874
883
896
905
918
928
939
956
965
974
982
987
996


13
25
40
49
54
67
77
88
97
115
136
146
166
184
195
213
224
244
254
263
281
293
310
328
345
363
380
398
407
424
441
462
479
488
505
523
532
553
572
591
611
622
783
800
960
970
983
990


20


36
51
60


9
16
27
45
54
65
79
90
99
112
121
138
149
169
199
207
216
233
242
263
272
289
301
318
335
354
374
383
392
414
423
433
451
468
485
502
519
537
549
568
730
747
766
777
794
811
820
840
857
878
895
909
920
938
955
972
981
990
998


44


17
23
31


53
62
74
94
103
114
132
150
165
177
194
202
215
225
237
254
263
287
305
322
334
343
361
382
399
412
421
441
461
479
489
508
526
687
704
731
748
766
783
795
804
824
845
866
877
888
905
922
945
954
961
970
988


24
33


9
14


8


11
16
25


10


31


9
19
38
44
61
80
102
119
129
139
158
177
189
210
228
251
269
286
303
466
485
504
665
685
698
864
886
909
934
951
971
989


32


9
20
37
46
56
76
85
102
108
126
136
145
157
174
191
210
228
250
259
279
288
308
325
346
363
380
400
418
584
744
757
774
795
812
822
840
861
878
895
916
936
943
952
972
981


13
18
29
37
61
78
90
98
107
115
132
143
152
163
180
191
209
227
244
264
273
292
303
315
328
345
367
376
394
406
423
441
462
479
496
513
534
552
569
729
746
767
790
808
820
983


10


19


9


