789.64075
779.59875
818.23444
672.4967
705.15796
655.85535
569.83466
727.2947
760.07837
681.0866
683.2663
595.0766
926.94135
828.301
846.5153
813.975
876.4271
857.7134
913.85565
847.1528
829.52783
852.93353
862.92896
860.6086
826.25793
711.54346
834.91296
703.7542
803.5105
732.2638
769.20337
770.6166
738.0438
707.2327
660.2739
804.2075
871.7477
904.8638
873.08936
886.8304
838.96466
886.7635
1001.2687
865.572
844.7379
953.78107
882.6771
884.5503
755.43646
772.45905
818.23444
688.14307
715.64764
642.40546
648.7162
756.9512
791.13934
690.09216
678.6702
595.0766
916.8087
828.30206
846.5153
798.2359
876.42365
857.7134
913.85565
847.1528
849.23236
852.9332
862.92896
860.6086
826.25793
711.8582
834.9129
701.76733
804.1532
732.26385
767.5967
776.03265
738.0434
707.2327
657.3797
792.5928
871.74664
852.30115
859.7329
886.83014
838.96674
897.51764
1001.2665
870.09985
867.2468
953.7829
873.50806
884.55115
755.43646
788.13965
818.23444
686.212
715.64777
644.9955
569.8346
729.5148
771.87006
686.20013
674.24194
595.0766
929.1241
828.3001
846.5153
799.8999
876.4235
857.7134
913.85565
847.1528
849.23236
852.9332
862.92896
860.6086
826.25793
711.54346
834.91296
689.2468
794.3413
732.25867
796.6426
779.29407
738.0436
707.23267
639.7452
792.5914
871.74664
854.4878
872.71204
886.83215
838.96674
929.0927
1001.27124
865.6684
870.6569
953.7891
882.6771
884.5505
789.64075
803.1027
818.23444
693.92377
697.5513
646.0891
569.8346
744.11084
784.3505
681.98486
659.3551
595.0766
899.92584
828.30225
846.5153
799.9
876.42365
857.7134
913.85565
847.1528
849.23236
852.9332
862.92896
860.6086
826.25793
711.8582
834.9129
689.2468
814.60986
732.2614
800.7114
781.9037
738.04504
707.23267
657.97784
792.5946
871.74664
904.8638
870.0954
886.831
838.96674
918.0918
1001.2704
903.20325
851.4592
953.7839
908.23596
884.5504
755.43646
800.6017
818.23444
687.8147
700.63763
657.0426
670.1789
752.9268
786.8186
685.9488
670.4031
595.0766
920.8394
828.30273
846.5153
799.90027
876.4239
857.7134
913.85565
847.1528
829.52783
852.93353
889.51086
860.6086
826.25793
711.8582
834.9129
689.2468
803.58704
732.26245
779.6032
776.2959
738.0445
707.2327
637.2836
804.209
871.7477
848.74854
867.97766
886.8325
838.96466
954.56744
1001.27075
892.13995
884.28094
953.7922
873.50806
884.55115
755.43646
774.81134
818.23444
665.82855
715.6477
656.51324
569.8346
715.58014
776.55096
677.4691
659.67725
595.0766
921.1516
828.301
846.5153
799.90027
876.4242
857.7134
913.85565
847.1528
849.23236
852.9332
862.92896
860.6086
826.25793
711.8582
834.9129
702.71344
800.14386
732.26135
799.17004
780.5092
738.0438
707.2326
638.1728
804.2077
871.7477
872.48444
819.7083
886.83136
838.96466
886.7635
1001.2687
894.60376
854.7206
953.78046
919.6377
884.5503
789.64075
779.9527
818.23444
687.5221
693.4291
637.60443
569.83514
757.14746
759.518
680.6297
672.7319
595.0766
906.76117
861.0276
846.5153
813.975
876.4244
857.71344
913.85565
847.1528
829.52783
852.93353
862.92896
860.608
826.25793
711.8582
834.9129
715.0405
792.32
732.2591
804.52576
769.10675
738.0442
698.0505
656.26855
792.595
871.74664
904.8638
856.52765
886.83075
813.5857
886.7636
1001.2687
907.7861
856.44904
953.78644
873.50806
884.55133
755.43646
804.7509
818.23444
679.1548
710.4752
666.41376
569.8347
735.2144
754.3607
679.2292
663.01434
595.0766
895.9208
828.30145
846.5153
798.2359
876.4236
857.7134
913.85565
847.1528
829.52783
852.93353
862.92896
860.6086
826.25793
711.8582
834.9129
689.2468
811.7362
732.2634
799.12134
788.7777
738.04395
707.2326
709.4431
792.5908
871.74664
904.8638
861.8422
886.83075
838.96674
953.531
1001.2728
904.6248
864.98486
953.7922
873.50806
884.55133
789.64075
789.45795
818.23444
685.2105
715.6477
653.8243
569.83466
723.934
763.34454
679.1505
659.34937
595.0766
853.7171
828.3015
846.5153
813.97504
876.42474
857.7134
913.85565
847.1528
849.23236
852.9332
862.92896
860.6086
826.25793
711.8582
834.9129
689.2468
795.09186
732.2593
791.583
784.76697
738.04346
717.5117
661.62787
804.20905
871.7477
904.8638
817.3
886.831
810.5651
886.7635
1001.2687
897.9435
834.15845
953.78656
873.50806
884.55115
789.64075
797.6793
818.23444
702.2944
664.6317
658.5735
670.80347
756.74
781.70935
670.12695
669.6538
595.0766
839.78595
828.30316
846.5153
799.90027
876.4239
857.7134
913.85565
847.1528
829.52783
852.93353
862.92896
860.6086
826.25793
711.8582
834.9129
697.83105
812.2066
732.26465
807.73444
775.3683
738.04346
680.2488
650.8522
792.5913
871.747
904.8638
818.70013
886.8307
838.96674
913.47217
1001.26917
864.88135
871.89374
953.78485
873.50806
884.55115
