35
42


20
26
34
54
65
82
99
116
125
145
163
180
201
218
235
258
267
284
301
318
335
352
374
391
401
418
436
453
473
491
502
519
539
556
573
591
611
629
652
669
693
710
728
745
767
791
810
827
846
863
883
900
917
935
952
969
978
991


15
23
36
45
54
77
91
104
126
135
152
169
186
201
218
239
260
276
293
321
340
357
376
393
411
431
452
479
497
515
532
558
576
593
611
637
654
671
688
707
730
748
765
784
801
810
829
847
865
874
897
918
940
949
966
976
990


19
31
38
45
52
60
67
74
82
89
97
105
112
121
129
136
143
162
170
177
187
194
201
211
219
226
235
243
250
263
270
277
289
296
305
316
323
332
339
346
356
363
370
380
387
396
403
413
424
432
444
451
460
467
477
484
496
503
510
517
531
540
547
556
566
573
594
601
608
615
622
640
650
657
676
685
694
703
710
720
730
737
749
758
767
775
784
791
798
805
812
823
830
837
844
858
865
872
880
887
895
902
909
918
925
935
943
950
957
964
971
980
987
994


20
29


11
19
26
35
43
50
60
67
76
83
91
100
107
114
121
128
135
143
150
157
171
185
192
205
214
221
228
239
246
261
268
281
289
296
303
310
317
335
342
349
356
363
370
377
385
394
401
408
415
425
432
441
448
457
464
471
482
489
497
504
511
518
527
534
543
550
557
564
572
579
588
595
603
612
619
627
638
645
653
660
667
676
683
690
697
705
712
720
729
739
746
760
769
776
783
791
798
805
813
820
828
835
843
851
859
868
875
882
890
897
905
912
919
926
937
945
953
963
970
977
987
994


49
56
68
81
94
105
115
128
137
146
155
166
176
188
200
212
223
233
244
253
262
271
280
294
303
312
323
333
343
353
363
373
382
391
404
417
427
436
445
454
467
479
490
500
509
524
533
542
554
563
574
583
598
607
619
630
642
651
661
670
680
690
699
709
719
728
738
751
760
769
779
792
801
810
819
829
844
853
862
875
887
897
906
915
924
933
942
951
960
968
977
986
999


12
21
26
186
203
222
239
257
266
285
302
319
339
356
373
390
399
410
427
436
454
472
491
508
526
539
556
574
595
612
629
647
664
681
691
708
725
742
752
769
791
810
834
846
864
873
892
901
918
939
951
968
977
986
995


10
19
31
40
49
58
79
90
99
112
130
147
160
177
196
213
232
253
270
279
302
321
343
360
378
403
425
443
460
483
504
514
531
548
567
576
606
627
645
659
680
698
715
736
760
779
801
818
835
852
869
878
895
916
941
953
962
975
992
997


13
19
24
30
39
48
54
66
71
76
85
90
95
100
105
112
117
122
130
135
141
151
157
162
171
176
184
189
195
201
209
215
222
230
240
245
250
256
264
269
275
284
289
295
301
306
311
318
323
329
335
340
350
355
363
368
373
378
383
392
400
409
414
419
424
429
434
442
451
456
461
467
479
484
491
496
505
510
518
525
533
538
543
553
558
563
568
575
580
588
595
601
608
614
619
627
636
641
646
654
659
664
671
676
683
689
694
703
714
719
724
729
735
743
750
757
762
767
779
787
792
801
807
815
820
825
835
843
848
853
862
867
877
885
891
896
901
906
913
918
923
928
933
939
944
952
960
965
970
983
991
996


9
16
25
32
37
48
55
62
77
85
97
104
111
118
126
134
141
154
161
168
175
183
190
198
205
216
227
235
242
249
256
264
273
285
292
305
312
319
327
335
343
352
361
385
392
400
407
414
421
430
438
448
456
463
474
493
500
511
518
525
543
552
559
571
580
587
594
602
609
616
635
642
650
658
665
676
683
690
697
706
713
720
727
734
743
750
757
767
777
784
791
802
810
821
828
836
845
853
860
867
878
885
895
903
910
917
926
933
940
947
955
962
969
976
987
995


11


14
26
49
67
84
93
112
129
138
157
179
189
210
227
245
265
282
299
308
325
342
365
382
399
421
443
460
480
497
514
531
552
572
583
601
624
643
662
680
697
718
743
763
780
790
807
824
841
858
875
898
918
935
952
964
988
997


10


22


11
16
24
41
51
57
68
78
88
97
109
130
150
167
186
203
222
239
256
265
283
301
318
328
345
366
384
404
425
453
470
487
517
534
555
575
594
613
630
647
656
677
696
713
733
750
769
787
804
815
833
853
870
887
905
922
939
957
971
990


8
20
29
40
56
66
75
85
106
129
149
167
185
206
227
248
270
291
308
326
335
358
377
406
423
442
459
484
501
518
535
555
573
594
614
632
651
669
689
707
726
746
764
781
798
819
836
853
870
888
897
914
931
948
969
991


15


8


8


12
20


20


28
33


7
20


7


23
28


10


32
40
50
62
72
81
90
100
109
118
129
138
148
158
167
177
187
196
205
214
227
236
245
255
264
275
287
301
311
323
332
341
350
362
372
384
394
403
413
422
432
441
452
462
472
482
494
503
512
521
532
541
550
560
571
580
589
598
607
616
626
635
644
657
666
675
686
696
705
715
726
735
745
755
768
780
789
798
807
818
830
839
848
858
869
881
892
906
918
927
936
945
955
968
981
991


13
25
34
42


20


37
50
59
70
80
102
128
138
155
165
187
204
221
241
253
262
274
295
312
332
349
360
373
393
410
423
442
459
476
485
502
519
536
553
574
591
612
629
647
666
676
693
710
728
747
762
779
797
814
823
840
858
875
887
905
922
941
950
967
976
985
997


8
15
27
45
54
63
72
80
90
99
112
121
138
153
172
193
202
219
231
240
261
274
295
313
322
340
359
376
397
418
435
453
473
493
512
529
547
567
587
603
620
637
656
677
695
714
737
746
758
775
796
813
830
847
860
873
893
910
927
936
952
971
981
990
998


44


17
23
31


48
60
70
80
103
120
140
157
174
188
201
218
227
245
262
283
300
319
336
346
363
382
400
412
425
446
461
470
488
497
514
531
552
564
581
591
602
621
640
649
667
685
695
718
729
748
767
781
800
813
832
844
854
871
888
906
923
932
945
957
970
988


23


9
14


8
14


11
16
24
31
41
60
66
72
81
98
109
120
139
148
155
169
189
198
209
224
244
253
270
290
307
327
344
365
389
409
430
451
469
490
509
527
544
561
579
597
616
627
647
668
689
710
729
746
759
777
794
811
828
845
863
884
901
919
941
960
969
990
996


10


30
40
52
65
75
84
101
118
127
145
154
171
191
210
220
233
250
267
287
311
320
337
346
357
366
379
388
397
416
428
446
464
482
499
517
538
557
579
597
614
634
655
675
692
709
727
748
767
787
809
829
848
865
882
903
923
940
951
960
969
986


9
20
28
38
45
62
80
100
117
134
151
169
189
210
234
251
269
288
307
324
342
364
383
404
421
442
460
480
497
517
538
559
580
598
616
639
658
678
691
708
726
747
765
786
804
822
831
848
864
882
899
909
934
951
968
981
999


32


8
13
18
35
55
64
83
101
110
131
151
169
178
195
209
219
238
258
279
296
308
332
355
366
388
405
414
431
450
467
486
504
515
536
556
573
586
607
627
636
656
676
693
705
725
743
756
775
795
816
833
850
868
885
903
916
936
946
956
973
980


13
18
29
36
49
56
69
90
98
107
120
131
148
157
177
194
211
232
243
264
273
292
303
312
331
353
373
393
404
430
452
471
488
507
524
542
559
576
597
615
632
651
672
693
711
731
748
765
782
803
823
840
861
878
890
907
924
937
954
975
984
991
998


10


19
24


9


35
42


20
26
34
54
75
82
100
109
126
144
157
169
179
203
214
223
242
259
268
285
298
317
335
352
374
391
401
418
436
453
473
491
509
526
543
560
577
601
621
638
661
680
701
722
739
759
772
791
810
827
846
863
882
899
917
935
952
964
974
994


15
24
31
45
54
71
80
89
104
114
131
148
157
174
191
208
225
238
247
265
283
300
321
340
357
375
393
411
420
437
446
457
466
485
509
526
543
560
582
603
622
639
660
677
688
699
716
733
750
773
794
808
825
847
865
882
899
918
940
949
966
976
990


19
31
38
45
52
60
67
74
84
94
101
111
121
129
136
143
162
171
178
193
202
209
220
227
236
243
250
263
270
278
292
300
307
317
324
332
339
346
354
361
370
377
385
392
399
407
414
425
432
449
457
467
475
482
489
496
503
510
520
530
537
549
556
566
573
580
593
600
607
614
621
633
640
649
661
679
687
694
701
709
718
725
735
744
754
761
777
784
791
798
805
814
825
832
840
847
854
862
870
877
885
893
900
909
917
924
931
941
948
956
963
970
977
984
992


20
29


11
19
26
35
43
50
57
68
77
88
95
102
112
124
135
143
153
161
170
177
189
197
205
214
235
242
252
260
267
274
283
291
301
310
318
328
335
342
349
362
369
380
387
394
401
408
415
425
432
444
451
459
468
479
487
494
502
509
516
525
532
541
550
557
564
572
579
588
595
603
612
619
627
638
645
653
660
667
682
690
697
705
712
720
727
734
743
750
758
769
776
783
791
798
805
813
820
828
835
843
851
858
867
874
884
891
898
905
912
921
928
937
945
953
963
970
977
984
991


49
56
71
80
89
96
105
115
122
134
142
151
160
171
183
193
202
212
223
233
244
253
262
276
285
294
303
312
323
333
343
352
363
376
385
394
404
413
422
436
445
454
467
479
490
500
509
525
534
545
554
563
574
583
595
604
613
625
635
647
656
665
675
684
693
709
719
728
738
747
757
770
779
788
795
804
813
822
832
841
853
862
875
887
898
912
923
933
942
951
960
970
979
989


12
21
27
32
41
62
71
80
100
109
127
144
162
172
191
200
217
238
247
265
274
291
311
328
346
365
382
391
400
417
426
449
467
476
496
513
534
551
570
588
605
622
639
656
674
695
712
731
752
769
787
805
822
839
848
865
884
901
918
939
952
971
988


10
19
30
50
57
68
85
102
121
130
147
159
176
196
213
230
252
266
283
302
321
343
360
378
403
425
443
460
469
487
505
529
548
566
576
602
613
630
650
667
684
701
718
736
753
770
779
807
827
844
857
878
895
916
941
962
975
992
997


13
19
25
30
39
44
49
54
60
68
73
78
83
88
94
100
107
116
123
132
138
143
150
162
167
175
180
186
192
198
203
209
216
224
231
240
245
250
255
263
269
274
280
285
293
300
305
311
318
323
332
337
342
348
353
360
367
379
384
392
399
413
419
424
431
436
443
451
456
461
467
477
484
491
496
501
506
511
516
522
527
532
537
543
553
558
563
568
576
583
589
598
603
611
616
622
627
632
639
644
654
659
664
671
682
691
702
710
715
721
727
732
744
752
758
767
777
782
788
793
799
804
814
819
824
835
840
849
854
859
864
870
875
880
885
890
898
906
913
921
928
933
939
948
955
963
969
978
984
991
996


9
16
25
36
43
51
58
65
72
79
86
93
104
112
121
128
135
142
149
160
167
175
183
190
197
205
214
222
229
237
245
254
261
270
287
300
308
317
330
337
360
374
381
388
397
405
413
423
431
439
446
453
462
475
482
489
498
506
514
524
531
538
545
552
559
568
575
584
591
598
607
614
621
629
637
644
651
658
665
674
683
693
701
712
719
727
736
743
754
762
770
777
784
791
802
810
817
824
831
838
845
853
860
867
875
882
889
897
906
913
921
932
939
946
953
964
976
983
992
999


11


14
21
38
49
67
84
93
112
125
148
165
179
200
218
237
258
280
301
325
342
365
382
399
421
443
460
480
497
514
531
552
572
589
606
625
645
662
683
702
722
743
763
780
799
816
837
854
874
902
919
936
956
965
982
991


10


22


11
16


8
20
32
43
62
82
91
108
122
131
149
165
186
206
227
249
268
289
306
326
343
361
379
406
423
442
459
484
501
518
535
555
575
596
614
633
651
669
689
707
726
745
764
781
798
819
836
853
870
888
909
926
948
969
991


15


8


8


12
20


20


28
33


7
20


7


23


10


32
41
49
57
71
81
90
100
109
118
127
136
149
158
167
177
187
196
205
218
227
236
245
255
264
275
290
301
310
323
332
341
350
362
372
384
394
403
413
422
432
441
450
459
468
477
489
499
508
519
528
537
548
557
566
578
587
597
606
615
626
635
644
657
666
675
686
699
710
721
730
742
753
763
773
782
791
800
807
816
827
837
850
860
870
880
890
899
909
919
928
936
941
950
963
976
985
996


13
26
35
41
54
65
76
85
92
106
117
127
136
146
166
175
195
213
224
244
254
267
284
301
311
320
342
352
375
392
409
429
440
457
466
486
497
515
528
538
559
571
588
609
621
631
653
672
683
696
719
739
760
779
799
817
834
852
869
889
902
922
942
952
969
990


20


37
46
53


8
15
27
47
65
79
96
112
121
138
149
173
182
193
202
219
226
243
256
265
282
300
319
336
345
354
371
391
402
419
440
453
473
494
511
529
547
567
587
605
625
636
656
677
696
714
736
753
770
790
808
829
847
864
873
892
909
918
927
936
952
971
981
990
998


44


17
23
31


48
60
70
76
85
94
103
120
139
153
171
181
201
218
236
245
262
285
294
303
320
329
338
360
381
400
419
437
446
461
470
488
497
507
516
536
556
565
582
593
613
634
651
668
677
696
708
725
748
766
783
794
803
820
832
845
867
887
899
922
945
954
961
971
980
989
995


23


9
14


8
14


11
16
25
31
41
60
66
73
91
104
121
133
144
169
188
202
211
229
250
267
276
297
309
331
353
370
379
398
415
432
451
469
490
509
527
544
561
579
597
616
637
657
676
693
712
729
746
766
783
804
822
842
863
887
906
917
926
947
958
967
974
991


10


30
40
49
56
66
75
84
101
118
127
145
159
177
186
203
215
233
250
267
284
302
311
331
351
360
379
397
416
427
446
464
482
499
517
538
557
579
597
614
634
655
674
697
714
731
752
769
789
809
828
848
865
882
903
923
940
951
960
969
978
987


9
20
28
45
62
71
83
96
116
133
142
159
177
197
214
225
234
251
269
288
307
324
342
364
383
404
421
442
460
480
497
517
538
556
579
598
616
639
658
671
691
708
726
747
765
782
801
812
829
846
864
882
899
909
934
951
968
975
990


32


8


13
18
29
36
49
56
69
78
90
99
120
131
148
168
177
194
211
221
230
243
265
274
285
303
312
328
345
367
377
540
559
576
598
615
632
650
672
691
711
731
748
765
784
803
823
840
861
879
899
918
937
954
975
984
991


10


19
24


9


35


20
26
34
54
66
83
92
113
124
135
146
156
173
182
201
218
235
256
279
289
298
315
335
352
374
391
401
418
436
453
471
488
509
526
543
560
577
594
611
630
647
667
684
701
722
739
748
767
791
810
827
846
863
882
899
917
935
952
963
974
983
997


15
24
31
45
54
77
91
104
114
131
148
157
174
191
208
225
242
259
277
286
303
321
340
357
376
393
410
419
431
452
472
492
509
532
558
576
593
612
637
646
666
688
699
716
733
750
773
794
811
829
847
865
882
901
918
940
949
966
976
991


19
31
38
45
52
60
67
74
82
89
97
105
112
121
129
136
156
172
180
194
201
214
225
235
243
250
263
270
277
284
294
301
308
317
324
331
338
345
357
364
371
380
387
398
407
414
425
432
440
447
455
462
471
479
486
493
501
510
517
530
537
550
557
566
574
581
588
595
608
623
630
645
652
659
676
685
692
705
712
723
730
737
749
756
768
777
786
793
800
807
814
823
830
837
844
855
862
873
880
887
895
902
909
918
925
933
943
950
957
964
971
978
989
996


20
29
34


11
19
26
35
43
50
60
67
76
83
91
100
107
114
121
128
135
143
150
170
181
188
200
208
218
237
244
251
265
272
279
298
306
314
327
335
343
350
361
368
380
387
394
401
408
415
425
432
441
450
457
465
474
482
489
497
504
511
518
525
532
541
550
557
564
572
579
588
595
603
612
619
627
635
642
649
656
665
672
681
688
695
702
709
716
723
730
737
744
752
763
770
777
784
791
798
805
813
820
828
835
843
851
859
867
874
884
891
898
905
912
919
926
933
940
947
954
961
968
975
986
995


49
54
65
72
85
94
101
113
122
133
142
151
160
173
183
193
204
214
223
233
244
253
262
271
280
294
303
312
323
336
345
355
364
373
382
391
404
414
424
434
444
453
462
471
480
490
500
509
523
532
542
559
569
578
589
598
607
619
630
642
651
663
672
681
690
699
709
722
731
740
750
760
769
779
792
801
810
819
828
837
846
855
865
875
887
896
906
918
930
939
950
959
968
977
986
995


12
21
27
32
41
52
69
79
86
100
109
127
143
152
172
191
200
217
239
248
265
278
287
311
328
346
355
365
382
391
400
417
426
448
467
476
496
515
524
541
550
567
585
595
612
629
647
664
681
691
708
725
742
751
772
791
810
828
846
863
884
901
918
936
953
971
988


10
19
31
43
54
63
83
92
252
269
289
306
329
343
360
378
403
425
443
460
473
483
504
529
549
566
576
605
627
644
661
681
700
717
734
753
770
779
807
824
841
860
878
895
916
941
953
970
987


13
19
24
30
39
44
52
57
66
71
76
85
90
95
100
105
110
117
122
127
132
144
151
158
163
168
174
180
188
194
199
206
213
218
224
229
234
243
248
253
258
264
272
277
287
292
300
305
310
315
320
325
334
339
348
357
363
368
373
378
383
390
401
406
413
418
423
434
439
444
456
461
466
471
478
485
492
497
504
509
514
522
527
532
537
545
552
557
563
568
573
579
588
593
598
603
608
616
621
630
635
642
647
654
659
664
669
676
684
690
695
700
705
710
716
721
728
737
743
755
760
769
777
782
791
796
803
808
815
820
826
831
836
841
848
853
858
865
870
877
883
888
893
898
903
908
913
921
933
938
943
950
956
961
968
973
978
985


9
16
25
32
39
46
54
61
69
78
89
100
116
126
133
141
149
162
170
177
186
198
205
219
227
236
248
255
273
282
290
297
306
313
321
329
336
344
355
362
375
382
389
400
410
426
434
446
453
462
470
477
484
492
499
514
521
528
535
542
550
559
569
576
583
599
607
614
621
628
635
642
655
662
680
687
694
706
713
720
730
737
744
755
762
772
780
787
796
803
810
817
824
831
838
846
853
860
867
876
883
895
902
910
917
926
933
940
947
955
964
976
983
992
999


11


14
21
38
55
76
94
112
125
144
165
177
186
195
212
229
246
265
282
302
325
342
364
377
399
421
438
455
472
489
508
517
538
555
572
595
612
629
650
671
688
705
727
744
764
781
799
818
840
865
882
903
920
944
964
988
997


10


22


11


8
20
32
43
62
82
91
108
122
141
163
186
206
227
248
268
291
314
335
352
370
387
406
423
442
460
484
501
518
535
555
573
596
614
632
652
672
689
707
726
746
764
781
798
819
836
853
870
888
909
926
948
969
991


15


8


8


12
19
39
47
56
73
234
246
264
273
290
299
316
326
344
361
379
396
413
430
447
467
484
503
521
538
555
580
597
617
640
657
675
692
711
736
756
773
794
815
834
851
868
885
897
917
938
958
975
992


20


28
33


7
20


7


23


10


32
41
48
58
72
81
93
102
116
125
134
143
155
165
174
184
193
202
211
220
229
238
248
260
269
279
290
301
311
321
330
339
349
362
372
384
394
408
417
427
438
449
459
468
477
489
502
513
522
540
550
560
570
579
589
598
610
623
634
645
654
663
672
681
690
699
710
720
730
742
753
763
774
785
798
807
816
826
837
847
857
866
877
886
895
908
919
928
937
948
963
973
982
987


13
25
34
42


20


37
50
59
70
87
102
111
128
138
155
175
187
199
217
234
253
274
295
312
332
349
360
371
384
407
428
446
455
473
491
511
528
546
568
586
603
620
637
654
676
693
710
727
748
765
784
803
823
840
858
875
886
907
927
936
950
967
976
985
997


8
14
22
31
45
54
63
76
93
102
119
136
149
170
193
202
219
231
240
260
272
283
292
301
319
336
345
354
373
383
392
409
431
450
469
488
505
524
545
562
579
599
616
636
656
677
695
714
735
754
767
779
796
813
822
842
860
878
895
904
921
930
939
952
971
981
990
997


44


17
23
31


48
60
70
77
90
109
118
139
148
158
167
181
190
210
227
244
253
272
289
306
319
336
353
370
379
390
407
427
437
446
456
474
483
500
521
530
552
570
587
604
622
633
654
675
696
718
730
739
757
774
794
803
820
832
845
867
885
894
922
932
945
954
961
970
990


23


9
14


8
14


11
16
24
31
41
60
66
72
81
98
109
120
138
147
169
189
198
209
224
244
253
270
290
307
327
344
367
389
409
430
451
469
490
509
527
544
561
579
597
618
638
657
676
698
716
737
754
772
781
798
817
842
863
884
901
919
936
947
958
967
974
991


10


30
40
54
75
84
102
109
115
120
129
151
171
182
200
217
234
251
260
277
296
311
331
351
360
379
397
416
433
454
474
495
516
533
554
572
581
602
620
640
657
678
697
714
731
752
769
789
809
828
848
865
882
903
923
940
957
966
983


9
19
38
44
61
70
80
101
110
130
151
169
187
204
224
234
251
269
288
307
325
347
364
376
400
420
442
460
480
497
517
537
557
578
598
616
638
658
669
691
708
726
747
765
786
806
823
844
864
885
909
934
951
968
982


32


8
13
18
35
55
64
81
90
102
114
134
151
169
178
195
209
219
239
258
279
296
319
336
356
367
387
399
419
439
459
479
501
518
536
555
718
735
756
775
795
816
833
850
870
891
903
916
935
946
956
973
980
986


13
18
29
36
49
56
67
74
83
90
98
115
131
148
168
177
194
211
220
229
246
264
273
292
303
312
330
339
356
368
388
406
428
449
466
479
500
520
529
549
567
587
607
627
638
658
675
697
711
731
748
757
776
793
812
830
847
868
889
907
918
937
954
975
995


10


19
24


9


35
42


20
26
34
54
65
75
88
105
114
123
135
156
173
182
201
218
230
258
279
289
298
315
335
352
374
391
401
418
437
454
472
491
508
525
542
559
576
593
611
630
647
656
679
701
710
728
745
762
781
798
815
832
858
879
890
909
918
935
952
969
978
995


15
23
36
45
54
77
91
104
114
131
151
167
185
202
224
241
259
277
293
320
340
357
370
391
400
418
435
452
472
492
510
527
537
558
576
593
612
637
660
677
694
712
732
749
766
787
804
821
830
839
848
865
874
897
918
927
946
964
981
990


19
31
38
45
52
60
67
74
82
89
97
105
112
121
129
136
143
154
165
172
186
193
202
209
220
228
236
245
252
259
266
276
283
290
305
312
319
327
334
349
356
363
370
380
387
397
404
411
423
435
442
449
461
468
475
482
490
497
505
512
519
528
540
550
557
566
574
581
588
596
608
615
623
636
643
652
661
673
680
689
697
705
712
722
729
736
744
753
760
767
779
786
793
800
810
820
830
837
844
854
862
870
877
885
892
900
907
915
922
929
936
943
950
957
964
971
978
986
994


20
29


11
19
26
35
43
62
73
81
88
102
114
122
133
144
152
159
171
180
188
197
205
212
219
227
235
242
251
268
277
285
292
301
311
318
326
335
342
349
358
365
372
380
387
394
401
408
415
426
433
441
448
457
464
471
479
487
494
502
509
518
525
532
541
550
557
564
572
579
588
600
607
614
623
630
638
648
656
664
671
678
685
692
700
707
716
723
730
739
746
753
760
769
776
783
791
798
805
813
820
828
835
843
851
859
866
873
882
890
898
905
912
919
926
933
940
947
957
964
973
980
987
995


49
56
69
76
85
105
114
125
134
144
153
162
173
182
193
202
212
223
233
244
253
262
271
280
294
303
312
323
333
342
351
360
369
379
389
402
411
420
429
438
449
460
469
479
490
500
509
518
527
539
548
557
566
575
584
593
603
612
625
635
647
656
665
677
686
698
709
719
728
738
750
760
770
779
788
795
804
813
822
832
844
853
862
875
887
898
910
919
930
939
950
959
968
977
986
995


12
21
41
59
69
78
87
100
109
127
144
153
172
191
208
225
245
262
279
296
311
328
346
365
382
391
400
417
426
448
465
496
518
535
547
570
587
600
622
639
656
665
682
703
712
731
752
769
791
810
834
851
868
885
902
917
926
943
961
979
988


10
19
31
43
54
72
83
92
101
118
129
146
159
176
196
205
222
239
256
276
285
302
321
343
360
378
403
425
443
460
473
490
507
529
546
567
576
605
627
649
667
684
708
728
762
779
801
818
835
852
869
878
891
904
922
941
953
962
975
992


13
19
24
30
36
44
49
54
63
68
78
83
89
94
100
109
115
120
125
130
135
140
145
151
158
165
170
177
184
189
194
199
204
209
215
221
229
235
240
245
252
257
266
272
277
283
288
293
298
304
310
318
323
328
334
341
347
352
357
363
368
373
378
383
392
397
402
409
414
424
429
434
444
451
456
461
469
476
483
492
504
510
515
522
527
532
538
545
554
559
564
573
578
584
589
596
602
608
616
623
630
635
642
647
654
659
664
669
684
690
695
702
709
715
721
729
735
744
750
755
760
767
777
782
787
794
799
804
809
815
821
826
831
838
848
853
858
864
869
875
881
886
891
896
903
908
913
918
923
928
933
941
947
952
957
963
969
974
979
984
993
998


9
16
25
32
38
49
56
64
71
78
85
96
103
110
121
128
141
151
162
170
178
186
195
202
210
219
227
236
248
255
275
282
291
298
305
313
321
329
337
344
353
362
369
389
397
404
413
421
428
435
447
458
471
487
495
511
524
531
538
545
565
577
586
594
607
614
621
629
637
644
651
658
673
680
687
694
706
713
722
729
736
747
754
764
776
783
791
802
809
817
827
836
845
853
860
867
875
895
902
910
917
924
932
939
946
953
962
969
976
983
993


11


14
20
33
50
67
84
93
112
129
152
169
186
195
218
237
258
280
301
325
342
364
377
399
421
438
460
480
497
514
531
552
571
589
606
624
643
662
680
697
718
743
763
780
799
816
837
854
874
902
919
936
956
965
982
991


10
25
34
52
64
73
84
105
114
123
141
150
167
180
204
221
238
255
272
289
311
328
346
355
372
389
411
428
450
471
493
513
532
554
578
599
627
648
669
690
710
728
745
767
790
810
830
847
866
885
902
919
936
954
971
989
998


22


11
16


8
20
32
43
62
82
99
109
122
131
149
166
186
206
227
249
268
289
306
326
343
361
379
406
423
444
468
485
502
523
544
561
578
597
614
632
653
672
689
707
726
746
765
782
799
816
836
853
870
888
909
926
945
955
964
983


15


8


8


12
19
39
56
73
94
112
125
134
155
172
182
200
209
229
247
264
281
290
299
319
336
354
374
394
413
430
450
467
490
512
529
546
567
585
602
625
642
660
678
699
716
736
753
773
794
815
834
856
873
890
908
925
942
954
971
992


20


28


7
20


7


23


10


32
41
50
60
70
80
89
100
109
118
127
136
145
155
165
174
184
194
205
218
227
236
246
258
269
279
290
300
311
321
330
339
349
362
372
382
392
401
410
419
430
439
449
462
472
483
493
503
512
521
530
540
550
560
570
580
589
598
610
624
634
643
652
661
670
684
693
705
714
732
742
753
762
771
786
797
806
816
825
839
848
858
868
878
890
899
908
918
927
936
941
950
959
966
973
982
987


13
25
34
43
60
67
76
85
92
106
116
127
136
146
166
175
195
213
224
244
254
267
284
293
311
320
342
362
381
398
411
420
437
453
470
487
504
525
542
559
583
592
613
631
648
658
679
697
717
738
755
773
782
791
812
833
846
864
881
902
919
932
952
961
984
993


20


37
50
59
70
80
102
111
128
138
155
175
187
196
214
231
252
269
282
293
302
311
328
343
360
373
385
408
419
439
452
473
491
511
528
550
568
584
604
613
630
647
666
676
693
710
728
748
769
787
804
814
823
840
858
875
887
904
926
935
957
966
974
984
997


8
15
27
45
54
63
72
81
98
116
125
146
163
182
193
202
219
231
252
265
283
292
309
319
336
345
354
371
391
400
417
439
456
467
484
503
512
524
545
562
574
606
617
637
656
677
697
714
735
753
772
781
799
819
847
861
873
892
909
920
938
955
972
981
990
995


44


17
23
31


48
60
70
80
101
110
119
140
157
181
201
218
236
245
262
272
289
306
313
330
344
360
381
399
412
421
442
461
474
483
500
517
538
555
579
602
613
633
650
667
684
693
708
725
748
765
784
794
811
831
849
858
877
886
905
918
935
944
953
962
971
987
995


23


9
14


8
14


11
16
24
31
41
63
73
91
104
121
133
153
169
189
198
215
224
244
264
281
303
324
344
370
389
409
430
451
469
490
509
527
544
561
579
597
618
638
657
676
698
715
738
755
766
783
804
822
842
863
884
906
917
928
949
967
979


10


30
43
52
65
75
84
102
109
115
120
127
145
158
177
186
203
215
233
250
260
277
296
311
320
337
357
366
379
388
397
416
427
448
465
482
491
508
528
547
567
584
597
614
623
649
666
679
699
719
738
762
783
796
813
830
848
865
882
903
923
940
951
960
969
978
995


9
19
30
47
66
75
85
102
119
131
142
159
177
197
214
225
234
251
270
288
307
324
347
364
383
400
419
436
454
475
485
506
527
537
554
571
590
599
617
638
651
669
691
708
726
747
765
786
806
823
844
864
882
899
909
934
951
968
975
987


32


8


13


10


19
24


9


35
42


20
26
34
54
75
88
105
114
124
145
162
180
203
214
223
243
264
278
299
308
325
342
363
374
391
401
418
436
453
473
491
502
519
539
556
573
591
611
630
650
667
684
701
722
739
756
773
791
810
827
846
863
883
900
917
935
952
963
974
983
994


15
23
36
45
63
77
91
104
114
131
148
157
168
182
191
208
225
234
251
260
277
286
303
321
340
357
376
393
411
431
452
472
492
509
527
544
561
582
603
622
639
660
677
688
699
716
733
750
768
795
815
825
847
865
882
899
918
940
949
966
976
990


19
31
38
45
52
60
67
74
82
89
97
105
112
121
129
136
143
153
164
174
182
202
209
220
228
236
243
250
263
271
280
287
294
301
308
317
324
332
339
346
354
361
370
377
385
392
403
410
419
426
437
445
457
464
471
479
486
493
501
508
515
522
531
540
550
558
566
573
580
587
594
603
610
620
627
634
652
659
676
687
694
703
710
718
725
733
740
749
757
767
777
784
791
798
805
812
820
830
837
844
855
862
870
877
885
892
899
907
915
922
929
936
943
950
957
965
984
992


20
29
35


11
19
26
35
43
50
60
67
76
83
91
100
107
114
121
128
135
143
150
161
171
186
197
206
222
229
236
243
255
262
283
290
299
306
317
328
335
342
349
360
370
378
386
393
400
407
414
421
428
438
445
454
461
468
476
483
490
498
506
513
520
527
534
541
549
556
564
575
584
591
600
607
616
627
635
642
649
656
669
676
684
695
702
710
717
727
734
744
760
767
774
781
789
798
809
816
823
830
837
844
851
859
867
874
884
891
898
905
913
920
927
937
945
953
960
967
977
984
993


49
54
67
74
86
95
113
122
134
142
151
160
171
183
193
202
212
222
233
244
253
262
276
285
294
303
312
323
333
342
351
360
369
379
389
402
409
418
427
436
445
454
467
479
491
500
509
519
528
537
547
557
566
575
584
595
604
613
622
631
642
651
661
670
680
690
699
709
719
728
738
747
757
770
779
792
802
811
820
830
839
855
865
875
887
897
906
915
924
933
942
951
960
975
984
993


12
23


10
19
30
38
48
57
68
85
102
122
139
159
176
196
213
232
252
277
289
307
329
343
360
379
397
416
436
459
483
504
529
548
566
577
603
627
650
667
684
701
723
753
766
783
792
811
828
837
857
878
895
916
941
953
970
987
999


13
19
25
30
39
44
51
57
66
71
78
86
91
100
106
111
116
122
127
132
141
147
152
162
167
174
179
188
193
198
207
213
218
229
234
239
245
255
261
267
272
277
282
287
293
300
305
310
318
323
330
335
342
349
354
363
368
378
383
392
397
402
409
414
424
434
439
444
451
460
465
470
477
483
490
495
501
509
522
527
532
537
542
547
553
559
564
570
576
581
586
591
596
601
606
613
618
623
632
641
646
654
659
664
681
690
695
704
710
715
721
727
732
743
750
755
760
768
777
782
788
793
802
811
816
823
828
833
838
852
862
870
875
880
885
890
897
903
908
913
918
923
928
933
939
944
950
956
961
968
978
983
991
996


9
16
25
32
39
46
54
61
68
80
87
94
105
116
125
132
141
149
156
167
175
186
195
202
209
216
224
231
243
250
259
275
284
291
298
305
313
320
327
335
343
350
362
369
390
405
412
419
428
440
448
457
464
473
480
487
494
503
510
517
525
537
544
551
559
568
575
584
591
598
607
614
621
629
636
652
663
672
680
688
695
709
716
731
747
754
763
770
777
786
793
802
809
819
827
836
845
853
860
867
874
881
892
908
917
926
933
940
947
955
962
969
976
986
993


11


14
21
38
49
67
84
93
112
125
147
166
183
203
220
237
258
270
280
301
325
342
364
381
401
421
439
460
480
497
514
538
555
572
595
612
629
650
670
687
709
727
744
764
781
799
818
838
865
882
903
920
932
949
958
975
996


10


22


11
16


8
20
31
41
56
66
75
84
98
107
124
133
150
171
189
198
218
238
249
270
291
308
326
335
358
377
406
423
444
461
484
501
518
535
556
576
593
614
633
651
672
689
707
726
745
764
781
798
819
836
853
870
888
897
914
931
948
969
991


15


8


8


12
20


20


28
33


7
20


7


23


10


32
41
49
56
65
74
83
93
102
113
127
136
148
157
166
175
184
193
202
211
220
229
238
248
260
269
279
290
301
311
321
330
340
349
362
372
382
392
401
410
419
430
439
452
462
471
482
493
504
513
522
531
540
550
560
571
580
589
598
607
616
626
635
644
657
666
681
692
701
710
721
730
745
754
763
773
785
796
806
817
830
839
850
860
871
880
889
899
908
919
928
936
945
961
971
980
991


13
25
34
43


20


37
50
59
72
81
89
107
128
138
155
173
187
203
222
231
253
274
293
311
328
343
360
373
385
407
428
445
465
482
491
511
528
546
568
586
603
620
637
654
676
693
703
720
737
747
769
787
804
814
823
840
858
875
887
907
927
945
957
966
973
984
997


8
27
45
54
64
81
98
115
134
143
153
162
172
182
193
202
219
227
244
265
283
292
309
321
340
358
371
391
400
417
438
455
473
494
512
529
547
567
587
603
620
637
656
677
696
707
724
741
758
775
796
813
830
847
864
883
892
909
918
928
952
971
981
990
995


44


17
23
31


48
55
64
73
90
101
110
120
143
153
171
188
201
210
227
244
259
276
285
294
304
327
346
363
382
399
408
427
437
446
456
474
489
507
516
539
550
567
579
602
621
640
649
667
685
695
718
731
740
749
759
781
800
811
832
844
854
871
888
906
925
932
945
954
961
970
988


23


9
14


8
14


11
16
24
31


10


30
40
49
56
67
75
84
102
109
115
120
129
147
159
177
186
203
215
233
250
267
284
301
312
321
343
360
379
397
416
427
446
464
482
499
517
538
558
579
597
614
634
649
666
678
697
714
731
752
769
789
809
829
848
865
882
903
923
940
957
966
983


9
20
28
45
62
80
100
117
134
151
169
189
209
229
251
268
288
307
325
347
364
377
394
411
430
452
475
485
502
522
539
559
576
597
616
638
658
667
684
702
717
738
757
776
794
815
836
856
865
882
899
909
934
951
968
975
982
991


32


8


13
18
29
36
49
56
69
78
90
98
107
120
131
148
157
177
194
211
232
243
264
273
292
303
315
333
353
373
390
410
419
430
452
471
480
501
520
529
549
567
586
607
627
638
658
675
697
718
738
756
776
793
812
830
852
872
881
898
918
937
954
975
984
991


10


19
24


9


35
42


20
26
34
54
71
80
89
109
126
135
156
173
182
202
215
232
258
267
284
306
324
341
350
374
391
401
418
436
453
473
491
509
526
543
560
577
594
611
629
655
679
696
713
730
747
767
786
803
812
829
846
863
882
899
917
934
947
964
974
991


15
24
31
41
49
70
79
89
98
110
119
136
154
171
201
210
224
238
247
265
283
300
321
340
357
370
387
404
423
443
461
472
494
511
532
558
582
603
622
639
660
677
694
711
731
748
765
784
801
820
839
848
865
882
901
922
939
959
976
990


19
31
38
45
52
60
67
74
82
89
97
105
112
121
129
136
143
154
161
186
193
202
209
220
228
236
245
252
259
268
286
293
300
307
316
338
345
354
361
370
377
385
392
399
407
416
425
433
440
447
458
467
475
482
489
496
503
510
518
530
537
547
556
565
577
584
592
612
619
626
645
652
659
670
679
687
694
703
710
726
733
741
751
758
765
776
784
791
798
806
813
820
830
837
844
852
860
877
885
892
908
915
922
929
936
943
950
957
964
972
980
987
996


20
29
35


11
19
26
35
43
50
60
67
76
83
91
100
107
114
121
128
135
143
150
158
165
173
188
200
209
216
223
230
238
245
261
268
276
283
290
299
306
315
327
341
355
362
381
388
396
403
414
421
428
435
444
451
458
465
473
482
489
497
504
511
518
525
532
543
550
557
564
572
579
588
597
604
612
619
627
638
645
653
660
667
676
683
690
697
705
712
720
730
739
750
757
769
776
783
791
798
805
813
820
828
835
843
851
858
874
882
890
897
905
912
919
926
933
940
947
954
961
969
978
987
996


49
56
65
76
85
94
102
111
120
130
139
150
160
171
183
193
202
212
222
231
240
249
258
268
278
287
296
308
318
328
343
352
361
370
379
389
398
409
418
427
436
445
454
467
478
490
500
509
518
527
537
547
557
566
575
584
595
604
613
625
635
644
655
664
675
684
693
708
717
726
735
744
755
764
774
785
794
804
813
822
832
841
855
865
875
887
898
910
923
932
942
951
968
977
986
995


12
21
27
32
39
46
55
65
75
96
105
126
143
155
172
191
200
217
238
247
264
285
296
311
328
347
365
382
391
400
410
427
436
454
471
481
498
515
524
541
550
570
587
604
622
639
656
674
695
704
726
743
765
782
799
820
837
854
871
884
901
918
940
952
971
988


10
19
30
48
57
68
85
102
122
139
159
176
196
213
232
253
270
279
302
321
343
360
379
403
416
436
459
472
489
506
529
548
566
578
602
627
650
669
690
708
728
753
770
779
806
826
850
861
870
890
909
918
936
945
962
975
986


13
19
25
30
39
48
54
60
66
71
76
81
87
95
100
107
112
117
122
127
132
137
147
152
159
165
170
175
180
189
199
208
213
218
225
235
240
245
255
266
274
280
285
292
300
307
312
318
323
332
337
342
352
365
370
378
383
392
397
404
410
415
422
431
436
443
451
456
461
466
471
476
482
489
494
500
506
511
517
522
527
532
539
545
552
558
565
570
575
582
587
592
603
608
613
618
628
633
639
644
655
664
669
675
683
689
697
703
714
720
727
732
741
746
752
758
767
777
782
790
802
810
816
821
826
831
836
846
853
858
864
870
875
881
886
891
896
903
908
913
918
923
928
933
941
951
956
963
969
975
983
995


9
16
25
32
39
46
55
62
69
77
85
92
99
108
115
122
129
136
146
153
160
175
188
195
202
209
216
224
236
247
254
263
272
279
291
298
305
312
319
330
337
347
356
363
370
380
389
396
403
411
418
428
440
453
462
469
476
483
490
498
514
524
531
538
545
559
566
574
581
588
597
604
613
621
629
637
644
651
658
665
678
689
696
703
711
719
727
735
743
750
757
764
772
780
787
796
803
810
817
824
833
841
848
855
864
872
879
886
895
903
911
918
925
932
939
946
956
965
974
984
992


11


14
21
38
49
67
84
94
112
129
138
157
176
194
203
220
237
258
280
299
316
340
357
366
383
399
420
437
454
472
489
508
529
552
571
589
606
624
643
662
680
697
718
743
764
781
799
816
837
854
874
894
914
931
944
964
988
997


10


22


11


8
20
32
43
62
83
100
109
122
141
163
186
206
227
248
268
291
308
326
343
360
373
393
410
419
439
457
474
491
508
525
544
561
578
597
614
633
651
672
689
707
726
746
765
782
799
819
836
853
874
895
912
929
949
969
991


15


8


8


12
20


20


28
33


7
12
18


7


23


10


32
41
48
57
68
77
86
95
108
118
127
136
148
157
166
175
184
193
202
211
220
229
238
248
260
269
279
290
301
310
326
335
346
355
364
373
382
392
401
410
419
429
438
449
459
468
477
489
499
508
519
528
537
548
557
566
576
585
598
607
616
626
635
644
657
666
675
684
695
704
716
726
741
752
763
773
782
791
800
813
823
832
842
852
861
870
879
888
897
908
919
933
942
951
961
971
981
991


13
25
35
41
54
59
68
76
85
92
106
117
127
136
146
166
175
195
217
234
254
267
284
301
311
320
332
349
359
380
398
407
424
442
464
477
496
515
528
549
566
578
587
609
621
631
648
658
679
697
718
738
760
780
800
817
838
855
876
895
902
919
942
952
969
990


20


37
50
59
72
81
87
102
128
138
155
173
187
199
216
229
241
252
269
278
295
312
333
350
367
379
388
408
419
439
458
475
492
511
528
551
569
579
602
619
637
654
676
693
710
728
747
762
779
797
814
823
840
858
875


8
15
27
45
54
64
81
101
112
119
137
149
158
173
182
193
202
219
226
243
254
272
293
310
332
341
358
375
392
409
431
452
469
488
505
524
545
562
579
605
624
641
663
681
698
707
725
746
758
775
796
813
823
842
861
873
892
909
918
929
952
971
981
990
995


44


17
23
31


48
60
72
86
95
102
109
118
140
157
174
187
208
225
237
258
275
285
300
317
335
346
363
382
400
412
425
446
461
470
488
507
525
536
545
564
581
602
620
633
654
667
685
695
718
727
748
766
783
794
811
832
841
850
863
870
880
889
899
922
945
957
966
988


23


9
14


8
14


11
16
24
31
41
60
66
72
81
98
109
120
138
147
169
189
198
209
224
244
253
270
290
307
331
344
370
379
398
415
425
442
461
478
497
514
536
559
576
597
616
627
648
668
689
710
729
746
766
783
804
824
842
863
884
901
919
936
953
962
974
991


10


30
43
52
61
67
75
90
109
116
127
145
159
177
186
203
215
233
250
267
284
296
313
326
343
360
379
389
402
423
433
454
476
496
516
533
554
572
581
602
620
633
650
670
679
697
714
731
752
769
789
809
828
848
870
889
909
929
946
956
966
983


9
20
28
38
45
62
80
100
117
134
151
169
188
209
229
251
269
288
307
324
342
364
383
400
420
431
452
475
496
517
537
558
579
598
616
639
656
674
692
717
738
755
775
796
816
836
856
865
882
899
916
934
951
971
991


32


8
13
18
35
55
64
81
90
101
114
134
151
169
178
195
209
219
238
258
279
289
308
332
353
374
393
412
429
450
470
491
503
523
540
553
570
587
606
628
645
664
676
693
705
725
743
760
777
795
816
833
850
868
885
903
916
933
950
959
979
986


13
18
29
36
49
56
69
90
98
107
120
131
148
168
177
194
211
221
230
243
264
283
303
312
330
339
356
368
388
406
427
436
457
479
500
520
529
556
574
591
600
613
632
650
672
693
711
731
748
765
782
803
823
840
861
878
890
907
918
938
947
968
989
998


10


19
24


9


35
42


20
26
34
54
71
80
90
110
124
135
154
163
180
201
218
230
247
265
282
299
316
335
352
374
391
401
418
437
454
473
491
509
526
543
560
577
594
611
630
647
667
684
701
722
739
756
766
791
812
829
846
863
881
898
917
936
953
974
991


15
23
36
45
63
77
91
104
114
131
149
163
172
191
208
225
242
251
260
277
286
303
321
340
357
370
387
404
423
443
461
471
488
509
526
543
560
580
603
622
639
660
677
694
711
732
750
770
786
803
820
839
848
866
887
904
923
940
949
966
976
990


19
31
38
45
52
60
67
74
82
89
97
105
112
121
129
136
145
160
167
182
193
202
209
220
227
236
243
256
264
271
279
286
294
301
308
316
324
332
339
346
354
361
370
377
385
392
399
407
416
425
433
440
447
455
462
469
476
483
491
501
508
515
522
530
537
555
565
579
586
593
600
607
614
621
634
641
648
657
664
671
678
685
695
703
710
718
727
735
744
751
759
767
775
782
795
803
811
823
830
837
844
852
859
867
877
885
898
908
917
924
931
941
948
956
963
970
981
989
996


20
29


11
19
26
35
43
50
60
67
76
83
91
100
107
114
121
128
135
143
150
158
173
181
188
198
205
212
219
229
236
243
256
264
271
279
291
298
306
318
328
335
342
349
361
369
380
387
394
401
408
415
425
433
441
450
457
470
477
487
494
502
509
516
524
532
541
550
557
564
572
579
588
595
602
612
619
627
635
642
652
659
666
677
684
695
702
710
717
727
734
743
769
776
783
793
800
808
816
823
830
837
844
851
859
867
874
884
891
898
905
912
919
926
937
945
953
961
970
978
986
994


49
56
69
75
86
96
105
115
122
132
142
151
160
171
183
193
202
212
223
233
244
253
262
271
280
290
299
308
318
329
341
350
360
369
378
389
398
409
418
427
436
445
454
467
479
490
500
510
519
528
537
548
557
566
575
586
595
604
613
622
632
643
655
664
675
684
693
709
719
728
738
747
757
769
779
788
797
808
817
826
835
844
855
868
877
887
898
910
919
930
939
950
959
968
977
986
995


12
23
32
54
64
75
98
107
127
142
154
163
172
191
201
210
228
249
266
275
292
301
318
335
353
371
388
405
416
437
454
464
473
496
505
524
541
558
576
593
611
629
647
656
665
682
703
725
742
752
769
787
805
822
839
860
869
886
906
925
942
952
971
988


10
19
31
40
49
68
85
102
122
139
159
176
196
213
232
252
266
277
289
306
329
343
360
378
403
425
443
460
483
504
514
531
548
566
576
602
627
650
671
690
708
725
753
770
788
806
827
844
861
878
895
916
941
953
962
975
984
993


13
19
24
30
39
44
49
54
60
66
71
76
85
90
95
100
105
110
116
121
127
132
140
145
151
159
165
170
177
182
188
194
199
207
213
218
223
228
233
240
247
252
257
264
274
280
287
293
301
311
318
323
329
334
339
345
350
355
360
368
373
380
385
392
402
409
414
419
424
429
434
441
446
451
456
461
466
471
476
486
491
496
501
506
511
519
525
530
536
545
550
556
563
568
573
585
590
595
602
610
618
623
629
634
639
646
654
659
664
675
683
689
694
702
717
723
729
740
753
758
763
768
776
782
788
793
802
809
814
821
826
831
836
848
853
859
864
869
874
879
886
891
896
903
908
913
918
923
928
933
938
947
953
964
969
974
983
992


9
16
25
32
39
46
55
62
69
77
85
92
99
106
113
121
128
135
142
149
159
166
178
185
193
200
210
219
227
235
249
256
263
273
281
292
305
312
319
327
335
342
358
365
377
390
397
405
413
423
432
439
447
454
464
475
482
489
498
506
514
524
531
538
545
552
559
569
576
584
591
598
607
614
621
629
637
644
651
658
665
674
681
689
696
703
712
720
727
735
743
755
762
772
781
788
796
803
810
821
828
836
843
853
860
867
878
885
895
903
910
917
925
932
939
946
953
965
972
981
990


11
22
31
39
48
54
67
77
86
103
112
122
131
141
158
167
186
203
220
240
249
266
275
284
294
305
316
335
344
353
370
388
400
409
426
437
446
463
473
482
495
504
515
532
549
559
568
589
606
618
627
646
664
682
699
718
727
744
762
771
780
791
808
817
826
837
854
865
883
901
922
936
953
962
971
988
998


14
33
54
67
84
93
114
131
152
169
186
195
218
237
258
280
301
325
342
365
382
400
421
443
460
480
497
514
531
552
572
583
600
620
640
657
675
696
713
732
751
772
791
812
829
850
874
902
919
940
957
978
988
997


10


22


11
16
23


8
20
32
43
62
83
100
109
121
138
156
173
190
207
227
248
270
291
308
326
335
358
375
384
406
423
442
459
484
501
518
535
555
575
596
614
633
652
672
689
707
726
745
765
782
799
816
836
853
870
888
897
914
931
948
969
991


15


8


8


12
20


20


28
33


7
20


7


23


10


32
40
50
58
68
77
86
95
108
118
129
138
148
157
167
177
186
201
211
221
236
245
255
264
275
287
301
311
321
330
339
350
359
371
384
394
403
413
422
432
441
450
459
468
477
489
499
508
526
536
548
558
572
581
591
602
613
623
634
647
659
668
681
692
704
716
726
737
746
760
769
780
789
798
808
817
830
842
852
864
874
883
892
901
910
920
933
945
955
964
971
979
988
996


13
25
34
40
54
65
76
85
92
109
118
127
137
146
167
176
195
213
234
254
267
284
301
311
320
332
349
359
380
398
411
430
439
452
464
481
498
515
527
548
566
578
587
608
631
648
665
674
699
718
738
760
779
800
817
834
852
869
889
902
919
932
952
961
984
993


20


37
50
59
72
81
89
107
128
138
155
175
187
199
217
234
253
272
282
299
311
328
343
360
371
380
397
418
439
452
471
491
511
528
551
572
591
612
629
647
666
676
693
710
728
747
762
779
797
814
823
840
858
875
886
899
908
927
944
966
974
984
997


8
27
45
54
65
79
96
112
121
138
154
174
193
202
219
227
244
265
283
301
319
336
345
358
375
392
409
431
452
469
487
508
517
534
545
562
574
594
611
628
647
664
677
695
714
737
748
769
790
808
829
847
864
873
892
909
926
952
971
981
994


44
49


17
23
31


48
60
70
80
101
110
119
137
148
157
181
201
218
236
249
258
275
285
298
319
336
346
363
382
399
412
425
446
467
476
496
514
531
553
570
587
602
619
640
649
667
685
695
718
730
748
765
783
795
804
821
839
849
858
877
886
906
923
932
944
965
971
980
985
996


23


9
14


8
14


11
16
24
31
41
60
66
72
81
98
109
120
138
147
169
189
198
209
224
244
264
281
303
324
344
370
379
398
415
432
451
469
490
509
527
536
559
576
597
616
627
646
663
681
698
715
738
755
766
783
804
824
842
863
884
901
919
936
953
962
979


10


30
40
52
65
75
84
102
109
115
120
129
151
171
191
208
217
233
250
267
287
304
321
343
360
379
388
397
416
427
448
465
482
491
509
528
547
567
579
597
614
623
640
657
677
697
714
731
751
768
789
809
828
848
865
882
903
923
940
959
983


9
20
28
45
62
80
90
101
110
131
142
159
177
197
214
224
234
251
269
288
307
324
342
364
383
404
421
442
460
480
497
517
538
556
577
597
616
639
658
667
684
702
719
732
749
766
786
804
822
831
848
865
882
899
909
929
949
967
976
989


32


8
13
18
39
56
76
85
102
113
134
151
169
178
196
213
227
249
266
284
302
311
334
355
374
394
412
429
450
467
488
506
517
536
556
573
590
611
630
647
664
683
700
718
735
756
775
795
816
840
857
868
885
903
916
933
956
973
980
986


13
18
29
36
49
56
69
78
90
98
107
120
131
148
168
177
194
211
232
243
264
283
304
315
332
344
353
373
394
404
428
449
470
487
500
520
529
553
574
587
607
627
644
665
682
699
719
738
756
776
793
812
830
852
872
881
899
919
938
945
962
979
997


10


19
24


9


35
42


20
26
34
54
65
82
99
116
135
153
162
180
203
214
223
242
259
278
299
316
334
352
374
391
401
418
436
453
471
488
505
522
531
548
565
574
591
611
629
647
667
684
701
722
739
748
767
791
812
829
846
863
883
900
917
936
953
970
977
990


15
23
36
45
54
77
91
104
114
131
148
157
174
191
208
225
243
253
277
286
303
321
340
349
358
375
393
410
423
443
462
479
502
521
538
558
576
593
612
637
646
666
688
699
716
732
750
770
787
804
821
830
847
858
877
887
904
923
940
949
966
976
990


19
31
38
45
52
60
67
74
82
89
97
105
112
121
129
136
150
157
164
171
182
189
199
206
220
228
235
243
250
263
270
278
285
292
301
308
315
322
338
345
354
361
370
377
385
393
400
407
416
425
432
440
447
455
462
471
479
486
493
501
511
520
527
538
547
556
566
574
581
588
595
606
616
633
640
652
659
676
687
695
703
710
722
729
737
744
752
759
766
775
786
793
800
807
814
823
830
837
844
852
859
867
877
885
892
899
907
915
922
929
936
943
950
957
964
976
983
992


20
29


11
19
26
35
43
50
60
67
76
83
91
100
107
114
121
128
135
143
150
157
171
187
198
206
219
230
238
245
252
266
273
280
290
301
308
315
329
336
343
353
360
367
377
384
397
404
417
424
431
442
450
457
469
478
488
502
513
522
529
540
547
555
563
583
590
606
616
623
634
641
648
664
671
678
685
694
702
710
719
731
738
745
758
769
776
784
794
802
810
817
825
833
843
851
859
867
874
884
891
898
905
912
919
926
934
941
948
961
968
975
987
996


49
56
66
80
92
101
112
120
134
142
151
160
173
182
193
204
214
223
233
244
253
262
271
280
290
299
308
318
328
341
350
360
369
379
389
398
409
418
427
436
445
454
467
477
490
500
509
519
528
537
547
557
566
575
586
598
607
619
629
638
647
656
665
677
686
699
709
719
728
738
751
760
769
779
791
800
809
818
827
836
845
855
865
875
887
898
910
923
933
942
951
960
968
977
986
995


12
21
32
58
70
79
86
95
102
111
128
137
150
172
191
200
217
238
247
264
285
302
319
339
356
377
396
416
576
585
595
612
632
649
663
680
697
714
731
752
769
787
805
822
839
848
865
884
893
916
925
942
952
971
980
995


10
19
31
43
54
63
83
92
252
276
436
460
471
488
505
526
543
560
577
601
618
635
652
669
681
700
717
734
758
778
799
816
834
851
868
878
895
916
941
953
962
975


13
19
24
30
35
44
49
55
60
69
78
89
94
100
107
116
122
127
132
140
147
152
159
164
169
174
179
184
189
199
206
215
222
230
239
247
252
257
271
277
284
290
295
300
313
318
323
332
341
348
353
359
365
370
381
386
392
397
402
409
414
419
424
429
434
441
446
456
462
468
473
479
484
491
500
507
517
522
529
536
542
547
553
558
566
571
576
582
588
593
598
603
608
614
619
627
634
642
647
654
659
664
671
676
683
689
694
699
704
710
715
724
729
738
744
753
758
768
776
781
788
793
799
804
814
819
825
838
849
854
864
870
875
880
885
890
897
902
908
914
919
928
933
941
946
952
958
963
968
974
979
984
993
998


9
16
25
35
42
52
59
71
78
85
92
99
111
118
126
135
142
159
167
175
183
190
197
205
214
221
231
238
249
256
272
279
286
293
300
307
314
321
329
338
345
352
360
367
378
389
405
412
421
429
437
448
459
475
482
491
498
514
524
531
538
545
552
562
569
576
584
591
599
607
614
621
629
637
644
651
658
665
676
683
695
702
712
720
727
734
743
755
762
770
777
784
791
802
810
817
825
833
841
848
857
864
872
879
886
895
903
910
917
925
932
939
946
953
964
972
979
990


11


14
21
38
49
68
85
94
112
125
144
164
181
190
211
229
246
265
282
299
309
326
343
364
377
399
421
439
460
480
497
514
531
552
571
589
606
624
645
662
680
697
718
743
763
780
799
818
840
857
874
903
920
937
946
964
988
997


10


22


11
16


8
20
32
43
62
69
91
109
121
130
149
165
186
206
227
249
267
284
293
310
327
344
361
378
396
416
433
452
469
490
508
525
544
561
578
596
614
632
652
672
689
707
726
746
764
781
798
819
836
853
874
895
912
929
948
969
991


15


8


8


12
19
39
48
61
78
95
114
131
148
170
180
200
209
226
247
264
281
298
319
342
361
379
396
413
430
447
467
484
503
521
538
555
580
597
615
632
649
666
683
700
717
736
756
773
794
815
836
856
873
890
908
925
942
958
975
992


20


28
33


7
20


7


23


10


32
40
50
60
69
78
88
100
109
118
127
136
148
161
174
184
193
202
211
220
229
238
248
260
269
279
290
301
311
323
332
346
355
364
373
384
394
404
413
424
433
447
456
472
488
499
508
518
529
540
550
560
573
585
597
606
615
624
634
644
654
663
672
681
690
699
708
718
727
742
753
762
772
781
790
799
808
817
826
836
847
856
866
876
885
895
906
918
927
936
942
951
964
971
983
989


13
24


20


37
50
59
72
81
89
107
128
138
155
173
187
199
220
241
252
271
282
300
317
334
358
377
386
407
426
445
466
483
502
519
536
553
574
591
612
629
647
666
676
688
701
718
737
747
764
784
804
814
823
846
855
872
882
899
916
933
945
966
973
984
997


8
15
27
47
54
65
79
96
112
121
134
143
154
173
182
193
202
219
226
243
254
272
291
308
325
343
354
371
389
400
413
422
440
453
473
493
512
529
547
567
587
605
625
636
656
677
696
714
734
746
758
779
796
813
830
847
861
874
892
909
920
937
954
973
990
995


44


17
23
31


48
60
70
81
90
109
118
140
149
165
182
201
218
236
245
262
273
294
314
327
336
346
363
383
400
419
437
446
467
476
488
507
526
539
552
564
581
591
612
633
654
675
696
719
738
757
774
795
804
825
834
854
871
888
906
923
932
944
965
973
983
993


23


9
14


8
14


11
16
24
31
41
60
66
72
81
98
109
120
138
147
169
189
198
209
224
244
264
281
304
325
345
370
379
398
415
432
451
469
491
509
527
536
559
576
597
608
627
647
668
689
706
729
746
766
783
804
822
842
859
879
901
919
936
953
962
979


10


30
40
52
67
75
84
102
109
115
120
129
151
158
177
186
203
215
233
252
273
283
300
317
330
343
360
379
397
416
427
446
464
482
499
517
538
557
579
591
608
625
634
655
675
697
714
731
752
769
786
809
828
848
865
882
903
923
940
951
960
969
986


9
20
27
38
45
54
63
72
81
91
108
125
142
159
177
187
204
224
234
251
268
288
307
325
342
364
383
404
421
442
460
480
497
517
538
557
578
598
616
638
658
667
684
705
722
739
756
765
786
804
822
831
848
865
882
899
909
934
951
968
990


32


8


13
18
29
36
49
56
69
78
90
99
116
133
150
168
178
191
209
226
245
254
271
293
312
329
338
353
374
392
404
429
441
462
471
488
508
529
549
567
576
597
615
632
651
672
689
711
731
748
765
782
803
820
838
855
877
899
918
937


10


19
24


9


35
42


20
26
34
54
66
83
93
104
113
124
135
153
162
179
203
213
222
242
263
280
298
315
335
352
374
391
401
418
437
454
472
491
502
519
539
556
573
591
611
629
638
656
680
693
710
729
746
765
786
803
812
829
846
863
882
899
920
949
969
978
995


15
23
36
45
63
77
91
104
126
135
152
169
186
201
223
232
253
276
293
313
330
347
370
387
396
413
423
443
462
479
497
515
536
558
576
593
612
637
660
677
694
711
732
749
772
796
815
825
847
865
874
896
918
927
945
963
972
981
998


19
31
38
45
52
60
67
74
81
94
105
112
126
138
145
152
165
173
182
193
201
208
218
225
234
241
250
263
271
278
294
301
308
316
323
337
344
354
361
370
377
385
392
399
407
414
425
432
440
447
454
462
471
479
486
493
501
510
520
530
537
547
556
565
574
581
593
603
611
621
628
637
644
652
660
667
678
687
695
702
712
722
729
737
744
751
758
767
775
786
793
800
807
814
823
830
837
844
852
860
867
877
885
892
899
907
915
922
929
936
943
950
957
968
981
988


20
29


11
19
26
35
43
51
59
67
76
83
91
100
112
119
126
133
141
148
155
162
174
190
198
205
212
228
235
242
258
266
274
283
290
301
308
318
327
341
348
356
363
370
380
387
394
401
408
415
426
433
440
456
465
473
482
489
502
509
516
525
532
541
550
557
564
572
579
588
597
604
612
619
627
636
644
651
658
666
674
681
688
695
702
710
720
730
739
746
760
769
776
783
791
798
805
813
820
828
835
843
851
859
867
874
884
891
898
905
912
920
927
935
945
953
961
975
983
994


49
56
67
74
86
97
104
113
122
134
144
155
165
174
183
193
204
215
224
233
244
253
262
271
280
294
303
312
323
333
342
351
360
369
378
389
402
411
420
429
438
449
461
470
479
490
500
509
521
530
539
548
561
570
581
590
599
608
620
629
638
647
656
665
677
686
698
709
719
728
738
750
760
770
779
791
800
809
818
827
836
847
856
865
875
887
897
910
919
928
937
950
959
968
977
986
995


12
21
41
65
75
98
108
127
142
154
172
191
201
210
228
249
266
285
302
319
339
356
373
396
416
436
454
472
496
505
524
541
558
577
595
612
629
649
663
681
690
708
725
746
765
782
799
820
837
860
869
886
895
917
935
945
962
979
996


10
19
31
40
54
71
88
112
130
147
172
189
206
227
246
267
284
302
321
343
360
378
403
425
442
459
483
500
518
535
555
577
601
618
627
650
667
684
701
723
753
770
779
801
820
829
850
859
879
890
909
918
941
953
962
975
984


13
19
24
30
35
44
49
55
61
66
71
76
81
86
94
100
105
114
123
130
135
141
147
152
157
162
167
175
180
188
193
200
208
213
220
225
231
236
245
250
256
264
269
274
283
289
294
300
305
311
318
323
329
334
343
350
355
360
365
372
383
388
393
398
403
409
414
423
429
434
442
451
456
461
471
477
486
491
496
501
506
511
516
522
531
536
542
547
552
559
564
572
577
582
587
593
598
603
608
616
621
627
634
639
644
649
654
659
664
669
683
690
695
703
709
714
721
728
741
746
753
758
768
777
782
796
801
808
815
820
825
831
836
842
848
853
860
872
879
892
898
903
908
913
921
928
933
939
944
951
956
965
970
978
985
992
997


9
16
25
32
39
46
55
62
69
77
87
96
104
111
118
129
136
151
158
166
173
184
192
204
213
220
227
241
249
256
263
272
279
287
295
306
313
321
328
338
345
353
361
368
378
390
397
405
413
421
432
439
449
457
464
473
480
490
497
518
525
533
540
553
560
567
574
581
588
595
602
609
616
623
630
637
644
651
658
665
676
683
693
701
709
720
727
736
743
754
761
768
776
783
791
802
810
817
825
833
841
848
855
864
872
879
886
895
903
910
917
925
932
939
946
953
960
967
974
981
992


11
22
33
41
54
67
77
86
103
112
122
141
150
160
178
197
208
219
237
256
265
274
291
304
316
335
344
353
370
388
406
418
437
446
455
474
484
502
519
537
546
564
584
593
603
612
634
646
656
665
675
693
703
712
721
730
739
748
769
778
796
814
824
835
853
862
879
897
907
917
926
938
950
972
982
995


14
26
48
57
68
92
112
125
145
162
179
199
220
237
258
280
299
309
326
343
364
377
394
413
433
452
473
490
508
517
538
555
572
583
601
625
645
662
680
697
718
743
763
780
799
816
837
854
874
903
920
937
946
964
988
997


10


22


11
16
24
41
51
57
68
78
88
97
106
118
138
150
167
186
203
222
240
257
266
283
300
318
328
345
366
383
404
417
438
455
475
498
517
534
555
575
594
613
634
655
665
684
701
722
739
757
780
798
819
837
856
873
887
905
922
940
957
975
992


8
20
32
43
62
82
91
108
122
141
163
186
206
227
248
270
291
308
326
343
361
378
406
423
444
461
484
501
518
535
555
575
596
614
633
651
669
689
707
726
745
765
782
799
819
836
853
874
895
912
929
949
969
991


15


8


8


12
20


20


28
33


7
20


7


23


10


32
40
49
60
72
81
90
100
109
118
129
138
150
164
173
184
193
202
211
221
231
242
251
260
269
279
288
297
306
315
326
335
347
356
367
376
385
394
407
417
427
436
449
459
468
477
488
497
507
519
531
540
550
560
570
579
589
598
607
616
626
635
644
657
666
675
686
696
705
716
726
735
744
753
763
773
782
791
800
813
824
833
842
851
860
869
880
890
899
908
919
928
940
951
962
972
983
988
995


13
25
34
41
50
59
70
79
89
106
117
127
136
146
167
176
194
211
234
254
267
284
293
311
320
342
356
375
393
414
424
441
458
478
496
513
530
549
566
578
587
611
621
631
648
658
679
697
718
738
760
778
790
799
817
834
852
869
878
895
904
921
942
960
969
983
990


20


37
50
59
70
80
89
107
130
139
156
173
187
199
220
241
253
274
295
312
332
349
360
373
385
407
425
442
459
476
485
502
519
536
553
574
591
612
629
638
655
675
692
709
728
747
762
779
797
814
823
840
858
875
899
916
934
957
966
974
984
996


8
15
27
45
54
65
79
98
116
125
142
149
170
193
202
219
230
239
258
267
280
301
319
336
345
354
371
391
400
417
440
453
473
493
511
529
547
567
587
605
625
636
656
677
696
713
734
746
768
779
796
813
823
842
860
873
892
909
918
928
952
971
981
990
995


44


17
23
31


48
60
70
76
85
95
103
120
137
148
157
181
201
218
230
249
259
272
289
310
327
346
363
381
400
417
437
446
467
482
500
517
538
555
572
591
602
621
640
649
667
685
695
718
727
748
766
783
794
803
820
832
853
870
880
899
922
932
945
954
961
970
988
993


23


9
14


8
14


11
16
25
31
41
47
64
81
98
109
121
133
144
169
188
197
207
220
238
250
267
276
297
315
332
353
370
379
398
415
432
451
469
490
509
527
544
561
579
597
616
626
647
668
689
706
729
746
759
777
794
811
828
841
858
869
884
901
923
944
962
974
991


10


30
40
52
65
75
84
101
110
119
136
151
160
177
186
203
215
233
252
273
290
311
320
337
357
366
379
388
397
416
427
446
464
481
499
517
538
557
579
597
614
623
649
666
683
692
707
726
744
762
779
800
818
835
857
878
895
912
931
948
966
983


9
19
28
45
66
75
85
102
119
131
140
151
169
187
204
224
234
251
269
288
307
324
342
364
383
400
419
436
453
474
495
516
537
558
579
598
616
639
658
669
691
708
726
747
765
782
801
810
828
842
863
884
901
914
934
951
968
982


32


8
13
18
35
55
64
84
101
110
127
145
162
179
196
210
232
241
258
279
296
308
334
355
374
394
412
429
450
467
488
506
524
543
564
581
601
620
637
658
676
693
710
727
750
770
789
806
823
833
851
868
885
903
921
946
956
973
980
986


13
18
29
36
49
56
69
78
90
99
116
133
150
168
177
198
221
232
243
264
273
292
303
315
333
353
373
393
404
430
452
471
488
507
528
549
559
576
598
615
632
650
672
691
711
731
748
765
782
803
820
838
847
868
889
907
917
937
954
975
995


10


19
24


9


35
42


20
26
34
54
75
82
102
124
135
156
173
182
201
218
230
247
265
282
299
316
333
346
357
374
391
401
418
436
453
473
491
509
526
543
560
577
594
611
630
651
668
691
708
728
745
762
772
791
810
827
846
863
882
899
917
935
952
964
974
992


15
24
29
49
69
89
98
110
119
136
154
167
185
202
224
238
247
265
283
300
309
326
346
368
387
400
418
435
456
465
482
503
521
538
558
576
593
612
637
660
677
688
699
716
733
750
768
786
803
820
829
847
865
874
896
918
940
949
966
976
991


19
31
38
45
52
60
67
74
82
89
97
105
112
121
129
136
143
156
170
177
184
195
202
209
216
225
234
243
250
259
266
276
287
294
301
312
319
326
333
344
356
363
370
377
385
392
399
407
414
425
432
440
447
457
464
471
479
486
493
501
510
518
533
540
552
559
566
574
581
588
595
603
614
621
630
637
645
653
662
670
679
687
695
703
710
718
725
735
744
751
759
767
779
786
794
806
813
820
828
835
843
850
857
865
872
880
887
895
902
909
917
924
931
941
948
956
963
970
980
987
994


20
25
34


11
19
26
35
43
50
60
67
76
83
91
100
107
114
121
128
135
143
150
166
180
189
197
205
212
221
228
245
253
269
285
292
299
307
317
332
340
348
363
370
380
390
400
408
415
425
432
440
450
457
465
474
482
489
500
508
518
525
534
541
550
557
564
572
579
588
597
604
612
619
627
635
642
649
656
664
671
678
687
695
702
710
721
730
740
747
760
769
776
783
791
798
810
817
825
833
843
851
859
867
874
884
891
898
905
912
919
928
940
947
965
973
980
987
994


49
56
69
76
91
101
113
122
133
142
151
160
171
183
193
204
215
224
233
244
253
262
276
285
294
303
312
323
332
343
352
361
373
382
391
402
411
420
429
438
449
462
471
480
490
500
509
518
527
538
547
557
566
575
584
593
603
612
625
635
644
655
664
675
684
693
709
719
728
738
747
757
770
779
792
801
810
819
830
841
855
865
875
887
897
906
915
924
933
942
951
960
973
983
995


12
21
27
32
41
62
71
80
100
109
127
142
153
162
172
189
200
217
238
247
264
284
301
311
328
346
365
382
391
410
427
436
454
471
481
498
518
535
552
569
586
603
622
639
656
667
676
693
710
727
746
765
782
799
820
837
854
871
884
901
918
939
952
971
988


10
19
31
43
54
63
83
92
101
121
130
147
154
163
329
346
359
381
403
425
442
459
468
483
500
518
535
555
576
603
627
650
669
691
712
729
738
760
779
801
824
841
859
878
895
916
941
953
970
987
999


13
19
25
30
39
48
57
66
71
76
81
86
94
99
109
115
120
127
132
140
147
153
159
169
178
183
188
195
200
208
215
220
225
230
240
247
252
257
264
269
274
279
284
292
301
306
311
318
323
329
334
347
352
357
363
368
373
378
383
391
397
402
408
413
418
423
429
434
444
451
459
464
469
477
484
491
496
501
508
513
522
531
536
548
553
558
563
570
575
585
590
596
608
615
621
630
639
644
654
664
669
676
683
690
695
703
710
715
721
728
734
739
744
752
759
764
769
777
782
791
796
804
810
816
821
826
831
837
843
849
854
862
870
877
884
889
894
899
906
911
916
921
928
942
948
956
963
969
974
979
985
991
996


9
16
25
32
38
49
56
66
77
85
92
102
109
116
123
130
138
148
157
170
178
186
193
205
213
227
242
249
256
263
270
277
284
291
298
306
313
321
328
338
345
353
360
367
378
385
392
405
413
421
429
437
447
454
462
469
476
484
492
499
506
516
525
537
545
552
559
566
573
580
589
596
604
613
620
628
637
644
652
659
669
678
687
694
708
715
722
729
736
754
761
768
776
783
791
802
810
817
825
833
841
848
855
865
872
879
886
895
903
910
917
926
933
943
950
957
966
974
982
989
998


11


14
21
28
37
49
67
84
94
112
130
152
169
179
192
210
231
248
265
282
301
325
342
365
382
399
421
439
456
473
495
514
531
552
569
589
606
624
643
662
680
697
718
743
764
781
799
817
838
859
876
903
920
937
946
964
988
997


10


22


11


8
20
31
42
56
66
87
96
115
129
138
156
173
190
207
227
249
270
291
308
326
335
352
370
387
406
423
444
461
484
501
518
535
555
575
592
614
632
651
672
689
707
726
745
765
782
799
819
836
853
870
888
897
914
931
948
969
991


15


8


8


12
20


20


28
33


7
20


7


23


10


32
41
49
56
65
74
83
93
102
113
127
136
148
157
166
175
184
193
202
211
221
231
242
251
260
269
279
290
301
311
321
330
339
349
362
371
384
394
403
413
422
432
441
450
459
468
477
488
507
516
525
537
548
557
568
583
592
601
610
620
634
643
661
670
681
692
702
718
727
742
753
762
772
782
792
801
813
826
837
847
856
872
881
890
899
908
919
928
935
945
954
966
983
989


13
26
41
50
59
68
77
89
107
117
127
136
146
166
175
195
212
221
238
255
267
284
293
311
320
332
349
359
373
392
409
430
453
471
488
505
522
540
558
568
583
594
613
631
648
658
679
697
718
738
755
773
782
791
812
829
851
869
878
895
904
921
942
960
969
984
993


20


37
45
51
60


8
26
37
46
64
81
101
115
134
143
154
172
193
202
219
226
244
265
283
292
309
319
336
345
354
373
391
400
413
426
435
453
473
494
512
529
547
567
587
603
620
637
656
677
695
714
737
748
769
789
806
823
835
852
873
893
914
923
936
952
971
981
990
995


44


17
23
31


48
56
77
86
95
104
121
138
147
165
181
201
218
237
259
283
304
325
346
363
382
399
408
427
437
446
467
488
497
507
528
545
564
581
602
621
640
649
667
685
695
718
727
748
766
783
794
803
820
832
844
854
871
888
906
923
932
945
957
970
988
995


23


9
14


8
14


11
16
24
31
41
61
73
91
104
121
138
147
169
189
198
209
224
244
253
270
290
307
327
348
370
379
398
415
432
451
469
490
509
527
544
561
579
597
618
638
657
676
698
718
738
755
766
783
804
824
842
860
869
887
906
917
928
947
958
967
974
991


10


30
42
52
65
75
84
101
110
119
128
151
171
192
209
233
250
267
287
304
321
343
360
377
389
402
423
433
457
474
495
516
533
554
572
581
602
619
636
655
675
692
711
730
752
769
789
809
829
848
865
882
903
923
940
957
966
983


9
20
28
45
65
75
85
102
119
131
140
150
159
177
188
209
229
251
269
288
307
324
342
364
383
404
423
442
460
480
497
517
538
559
580
597
616
639
656
674
692
717
738
755
776
794
815
836
856
865
882
899
916
934
951
971
991


32


8


13
18
29
36
49
56
67
74
83
90
98
115
131
148
169
178
195
212
229
246
264
273
292
303
315
332
344
353
370
388
406
428
449
470
487
507
528
549
559
577
598
615
632
651
672
689
711
731
748
765
782
803
823
835
995


10


19
24


9


