36
43


19
26
33
42


15
25
35
42
59
70
81
98
110
119
136
145
157
174
197
217
226
235
258
267
284
301
321
338
357
376
393
411
431
452
470
487
509
527
544
565
584
604
622
639
660
677
688
707
724
745
763
782
799
818
829
839
858
876
896
918
927
944
961
970
981
998


18
25
32
43
54
62
69
76
84
91
106
117
127
134
141
152
162
174
181
188
200
207
217
225
233
240
247
256
263
270
277
287
296
305
312
319
326
333
340
348
356
363
370
380
387
396
403
410
418
425
432
440
447
457
468
477
484
493
500
508
515
522
529
536
547
556
566
574
581
588
598
606
615
622
629
637
644
651
662
670
679
687
695
703
713
722
729
740
751
759
767
774
781
792
802
813
820
828
835
843
850
858
865
873
880
888
895
903
910
917
924
931
943
951
958
965
976
983
994


20
29


11
18
25
35
43
51
60
67
76
83
93
100
112
119
126
133
141
148
155
162
170
178
186
193
208
215
222
229
236
252
261
268
276
285
293
300
310
319
329
337
344
353
363
370
377
385
394
401
408
418
426
435
446
454
464
471
483
490
500
509
520
527
534
541
548
557
564
572
579
588
595
602
612
619
627
640
649
657
666
674
681
688
695
702
709
716
723
730
739
746
753
760
771
778
786
793
803
810
817
824
831
843
850
857
865
872
880
887
894
902
912
921
928
935
945
952
959
966
976
986
996


49
56
64
72
79
90
101
110
120
130
139
148
159
168
182
193
204
211
220
229
239
248
257
267
278
287
296
305
315
322
345
354
363
379
389
404
416
428
437
448
457
469
479
490
501
510
519
528
537
548
560
569
578
587
598
607
624
633
643
655
666
675
685
694
703
713
722
731
740
750
760
774
785
794
804
813
822
831
840
852
861
872
881
892
901
918
930
939
950
959
968
980
989


12
22
34
43
48
54
66
75
96
103
115
127
143
152
172
189
200
217
238
247
264
285
296
311
328
346
364
382
391
400
417
426
448
467
476
496
514
534
551
568
586
603
622
639
656
665
682
703
712
730
752
769
787
805
818
838
860
869
886
895
916
925
942
955
972
995


10
18
25
32
43
48
57
68
85
102
122
139
159
177
197
218
235
253
270
279
297
314
327
344
357
378
403
425
442
459
468
485
505
526
543
560
577
605
626
644
667
684
708
728
753
770
788
806
823
841
858
870
889
909
918
936
953
962
975


13
19
24
30
39
44
49
54
65
70
79
85
90
95
100
106
111
117
122
127
132
141
147
152
157
162
167
174
180
185
194
199
204
209
215
222
227
232
239
245
250
256
261
266
272
278
284
289
295
304
310
318
323
329
334
344
349
355
360
365
370
375
380
385
394
400
406
413
418
423
428
434
442
447
452
461
466
471
476
481
486
491
500
506
511
519
535
541
547
552
557
563
570
575
580
585
590
595
606
611
616
621
627
632
637
642
653
662
679
692
698
704
709
714
721
727
732
739
744
749
754
760
767
772
777
782
789
797
802
807
812
824
829
835
840
848
853
861
866
871
876
881
886
891
898
903
908
913
918
923
928
933
939
944
950
955
963
969
974
983
988
996


9
20
28
33
41
52
64
71
78
85
92
99
109
116
123
130
141
149
157
166
173
180
188
197
204
219
226
237
244
251
259
268
275
282
291
300
312
319
326
334
341
352
360
367
376
386
393
400
407
414
421
429
439
447
454
461
468
475
484
491
499
506
514
523
530
537
546
555
562
569
578
587
594
602
611
618
626
634
643
650
658
665
673
680
687
695
702
713
720
727
734
744
752
762
770
777
785
793
802
810
819
827
834
841
848
855
864
872
879
893
900
908
915
923
930
938
950
957
964
974
981
992


11
20


14
21
28
34
49
56
67
84
94
112
125
138
148
165
179
200
220
237
258
280
301
325
342
364
377
394
413
433
452
473
490
508
529
552
571
589
606
624
643
662
680
697
718
743
764
781
800
817
838
860
877
898
918
936
956
965
974
988
997


11


21
28
34


13


8
17


14
19


8


8


12


20


28


7
12
18


8


21
26


11
16
27


32
39
45
50
57
65
72
81
91
98
107
116
123
130
139
148
157
170
179
188
200
213
222
232
241
250
259
271
280
293
307
322
331
347
359
368
379
388
397
406
418
431
447
457
470
481
493
504
516
528
537
549
561
571
587
600
610
621
632
643
655
666
678
691
702
718
728
737
750
763
772
784
795
806
818
829
841
854
868
878
888
897
907
916
925
934
945
954
969
976
981
990


13


20


37
45
50
57
66
83
92
111
124
147
165
187
196
216
229
241
254
274
294
311
328
345
362
371
384
407
427
445
466
485
502
511
528
551
572
592
612
629
647
667
687
707
728
748
769
787
804
814
827
846
855
872
881
898
909
927
936
950
967
976
985
997


12
21
28
37
47
54
61
68
89
112
123
140
157
173
182
193
202
228
248
258
267
280
300
319
336
345
354
371
391
401
421
440
453
464
474
491
510
519
529
557
576
596
617
636
656
677
696
714
723
734
745
768
789
806
823
836
853
873
893
910
927
937
954
971
981
990
998


43


17
23
28


57
64
74
81
90
104
115
132
141
165
181
201
218
236
249
258
275
285
300
320
329
342
363
382
399
412
425
446
466
479
488
497
514
531
540
557
575
593
613
633
646
657
675
693
702
719
736
757
774
794
803
820
831
854
871
888
906
923
932
944
953
962
981
990


23


9


8
25
30


11
18
25
31
41
61
66
86
95
104
121
133
144
169
188
197
207
215
224
244
253
270
289
309
322
344
370
379
398
415
432
451
469
490
509
527
544
561
579
597
616
637
657
676
698
715
738
755
766
783
804
824
842
863
884
901
923
944
962
974
991


11


30
41
52
65
75
90
109
116
134
145
154
171
192
209
233
250
260
277
296
309
330
343
360
379
388
397
416
427
440
457
476
496
516
535
554
572
581
599
619
637
654
672
683
692
707
727
748
768
779
809
829
848
865
882
903
923
940
947
956
966
983


9
19
28
38
46
63
80
91
108
125
142
159
177
197
214
224
234
251
268
288
307
324
342
363
382
404
421
442
462
480
497
518
537
554
571
590
599
616
638
653
674
692
717
738
755
775
796
815
836
856
865
882
899
909
934
951
968
975
991


32


9
18
35
55
64
84
101
113
126
135
145
156
177
194
203
226
238
258
279
296
308
334
355
374
394
413
430
450
469
629
648
666
683
700
718
735
756
775
795
816
840


13
18
29


10


19
24


9


36
43


19
26
33
42


15
25
35
45
52
59
68
77
91
104
124
141
167
185
202
224
239
258
275
298
321
340
357
376
393
411
431
452
473
492
509
532
557
576
593
611
637
646
665
687
704
722
739
756
773
795
808
825
847
865
882
899
918
927
938
959
976
990


18
25
32
44
57
64
71
79
86
94
101
109
116
126
136
152
162
170
178
185
193
200
207
218
225
233
240
252
266
277
285
296
303
311
318
327
335
343
351
358
368
375
385
392
401
408
416
425
432
440
447
454
462
469
477
485
492
502
512
522
533
540
547
554
561
568
575
585
592
599
609
616
623
630
645
656
668
678
686
693
700
707
715
724
731
738
745
752
759
766
777
785
792
804
812
823
830
837
848
855
862
873
880
888
895
902
910
918
925
935
943
950
957
964
972
980
987
995


20
29
35


11
18
25
35
43
51
60
67
76
83
93
100
112
119
126
133
141
148
155
162
170
183
198
205
216
223
230
240
247
254
261
269
278
285
294
301
311
318
331
338
348
355
363
371
380
388
396
403
410
418
425
432
440
448
455
462
469
480
487
494
502
513
522
530
538
545
552
559
566
575
588
595
602
611
618
627
635
642
649
660
667
676
683
690
697
707
716
723
730
737
745
753
760
767
776
783
791
798
805
813
821
829
837
844
851
858
865
872
880
887
896
903
910
917
926
933
940
947
955
962
973
983
994


49
56
64
72
80
90
97
104
115
126
135
146
155
166
176
187
200
209
218
227
236
246
255
264
273
285
294
306
316
327
343
353
364
373
382
391
404
413
425
434
444
453
465
474
484
494
503
518
530
539
548
557
569
581
590
603
612
622
635
647
656
665
678
687
696
707
717
728
738
749
758
768
777
786
795
806
817
827
837
848
860
870
883
892
901
910
920
932
942
951
962
971
980
989
998


12
22
34
43
54
62
75
96
107
116
127
143
154
172
181
200
217
238
259
268
285
302
319
340
357
377
396
416
577
595
612
631
648
663
680
697
714
731
752
769
791
810
828
846
864
884
901
918
940
952
971
988


10
18
25
32
40
53
62
72
90
109
121
130
147
161
178
187
204
221
238
247
266
283
302
321
343
360
378
403
425
443
460
483
500
521
541
558
576
603
627
644
661
681
700
717
734
753
770
779
801
824
841
859
878
895
916
941
953
962
975
993


13
19
24
30
35
44
49
54
60
66
71
76
85
90
95
101
106
111
119
125
130
135
140
145
151
160
167
177
182
189
194
199
204
209
215
222
230
237
242
247
252
257
269
275
280
285
290
295
300
305
310
317
323
329
334
342
349
354
359
365
373
378
383
392
401
408
413
418
424
429
434
440
447
452
460
466
471
477
482
491
496
501
506
511
516
522
527
536
541
546
553
558
563
569
577
582
593
598
603
608
613
621
628
634
642
647
654
659
664
674
683
690
695
703
709
714
721
727
732
738
744
752
757
762
767
777
782
788
793
801
808
814
819
824
836
849
854
861
867
875
883
891
896
901
906
911
918
925
930
939
944
950
956
961
971
977
983
992
998


9
17
25
32
39
51
59
66
73
80
87
97
104
111
118
126
134
141
148
156
166
173
180
187
194
204
211
218
229
237
249
256
263
270
282
291
298
305
313
321
329
338
345
353
360
367
377
388
400
410
418
428
435
444
451
463
472
484
491
498
505
512
520
528
542
550
559
569
576
584
594
601
613
621
629
637
644
651
658
665
673
680
687
695
702
711
720
729
736
743
750
757
764
771
778
786
793
802
810
819
827
836
844
852
860
867
874
882
890
897
906
913
921
928
941
950
957
964
972
979
986
994


11
20
34
46
55
65
74
83
92
102
111
122
131
141
150
160
180
192
210
232
245
256
265
276
293
302
311
328
347
356
366
382
394
412
431
448
457
466
484
501
510
526
535
561
570
588
608
618
635
644
655
675
694
704
723
734
753
770
787
796
813
830
843
862
871
881
892
901
918
937
956
970
980
991
997


14
21
28
33
38
49
67
84
94
103
120
138
148
165
179
199
210
227
245
265
282
301
325
342
365
382
400
421
443
462
481
503
520
541
562
583
600
624
643
662
680
697
718
743
763
780
799
816
837
854
874
902
919
936
956
965
975
996


11


21
28


13


8
17


14
19


8


8


12
17


20


28


7
18


8


21
26


11
16
21


32
39
45
50
57
65
72
81
91
98
111
122
134
143
153
164
177
187
203
216
226
235
244
253
262
271
280
289
299
308
320
329
338
347
358
367
379
394
404
413
422
432
443
452
462
473
489
499
508
518
530
539
550
560
570
583
594
607
618
633
643
658
668
679
690
703
712
725
736
753
762
772
781
794
805
816
829
842
852
863
874
886
899
908
917
933
944
957
964
971
981
990


13
18


20


37
45
50
57
66
83
92
109
124
141
160
173
180
199
216
230
252
264
274
295
312
329
347
358
368
386
407
428
445
465
485
502
521
538
551
573
591
608
627
646
666
676
693
711
733
743
762
779
797
814
823
840
858
875
887
904
928
945
964
972
981


12
21
28
46
52
61
68
89
111
120
136
149
170
193
202
219
227
238
258
267
280
300
318
331
353
364
373
383
392
409
430
453
473
495
504
513
531
552
573
595
615
632
642
657
677
695
714
736
753
770
790
807
819
847
861
873
892
909
918
927
936
952
971
981
993


43


17
23
28


57
64
70
81
90
103
120
139
148
158
167
181
188
197
210
227
244
253
272
289
306
315
327
346
363
381
399
412
425
444
461
470
488
500
517
537
555
575
593
613
632
649
667
685
695
719
736
756
766
783
795
804
823
844
854
871
888
906
925
932
944
965
987
993


23


9


8
14


11
18
24


11


30
40
49
55
67
75
84
101
110
119
128
151
160
177
186
203
216
233
250
267
287
304
321
343
360
377
386
397
416
427
440
457
474
495
516
533
554
573
591
608
625
634
655
675
692
712
730
751
768
778
803
828
848
865
882
903
923
940
951
960
969
978
987


9
19
27
38
45
62
80
89
98
117
136
157
177
189
210
227
251
269
288
307
325
342
364
384
404
421
441
460
480
497
518
537
554
576
597
616
638
651
668
691
708
726
747
765
786
807
828
842
864
884
901
914
934
951
968
980
999


32


9
19
28
39
60
79
88
101
110
131
151
169
178
195
210
232
250
267
279
296
308
332
353
374
393
413
430
450
467
486
503
512
533
554
572
590
611
630
647
664
677
686
699
718
735
756
775
795
816
840


13
18
29
37
49
57
69
78
91
96
102
109
120
131
148
169
178
191
200
221
232
243
264
273
292
303
312
328
345
367
388
410
430
452
471
488
507
527
544
562
571
585
606
627
637
650
672
689
711
731
748
765
782
803
820
838
847
867
885
902
919
931
940
958
975
984
991


10


19
24


9


36
43


19
26
33
42
52
65
75
88
105
114
123
135
156
173
182
202
211
220
242
261
270
289
298
307
324
341
357
374
391
401
418
435
459
478
497
518
537
556
574
591
611
631
648
667
684
701
722
739
756
775
791
812
829
846
863
881
898
917
936
953
970
977
990


15
25
35
45
52
70
81
98
110
120
129
147
156
173
191
208
225
234
251
265
283
300
313
330
347
370
381
401
418
435
452
472
481
498
516
538
558
582
603
622
639
660
678
688
699
716
733
754
765
784
801
810
820
841
852
873
896
918
927
945
959
976
991


18
25
32
43
60
67
75
85
94
103
112
121
129
136
147
154
161
170
177
184
193
200
207
218
225
234
243
250
257
264
271
285
292
299
306
317
324
331
338
345
353
360
368
375
382
390
397
404
414
421
432
439
446
454
461
468
475
482
490
498
506
515
522
529
540
547
555
562
569
579
590
598
605
612
619
626
634
642
651
661
668
676
687
694
701
709
717
725
732
739
749
758
765
772
781
789
796
804
811
818
828
835
842
849
860
867
877
890
897
907
915
922
929
939
946
958
968
975
982
989
996


20
29


11
18
25
32
43
51
60
67
76
83
93
100
112
119
126
136
143
150
157
164
171
183
190
198
205
212
219
229
240
247
254
261
268
278
285
293
300
307
314
338
348
355
362
369
376
384
394
402
409
421
431
438
445
454
463
470
482
489
496
503
511
518
525
534
541
550
557
564
572
579
586
593
602
609
616
623
630
637
648
657
664
672
681
688
695
702
710
719
730
737
747
754
761
770
777
784
791
798
808
816
823
830
840
857
864
871
880
888
895
909
917
924
931
938
945
953
960
968
975
983
990
997


49
56
64
72
80
90
97
112
121
132
142
151
160
169
182
191
200
209
219
228
237
246
255
266
277
289
299
308
317
327
336
345
354
363
372
381
390
399
408
418
427
436
447
456
471
484
494
503
522
533
542
553
562
573
583
596
609
621
635
647
656
665
674
687
696
705
714
724
733
742
752
762
774
784
794
806
815
825
837
849
861
872
883
892
901
910
919
929
946
957
968
977
986
995


12
22
34
43
54
63
70
81
100
109
119
128
150
172
189
202
222
239
248
265
278
287
311
328
346
365
382
391
400
410
427
436
454
472
494
511
528
537
547
567
586
603
622
639
656
674
691
709
730
751
768
778
798
820
837
854
871
884
901
918
937
955
973
983
995


10
18
25
32
40
47
68
85
102
119
136
150
172
189
206
227
246
267
276
285
306
323
343
364
373
390
408
425
443
460
483
504
529
549
567
576
604
627
649
667
684
702
713
730
753
770
779
801
820
829
850
859
878
891
909
918
941
953
970
988
995


13
19
25
30
39
44
49
54
64
75
81
86
95
100
107
112
117
124
130
135
140
147
152
159
167
175
180
185
190
195
201
207
214
220
225
230
238
243
248
254
264
269
275
287
292
299
304
310
318
323
329
335
340
345
350
355
360
365
373
378
383
392
400
407
413
420
425
430
435
441
446
451
457
462
477
482
490
499
504
509
516
521
535
540
545
551
558
563
568
576
581
587
596
601
606
613
619
629
634
641
646
654
662
667
682
689
694
701
712
717
722
727
737
744
750
755
760
766
775
780
785
793
798
803
809
815
820
825
835
847
853
862
867
877
885
890
896
903
908
914
919
924
931
940
947
953
958
963
969
974
979
984
991
996


9
20
31
41
48
64
71
78
85
92
99
110
117
124
131
141
148
160
167
175
183
197
205
214
222
229
236
249
256
264
272
279
290
297
305
312
320
327
334
341
357
365
374
381
392
408
416
423
430
439
446
455
462
469
476
484
491
499
506
515
523
533
540
548
555
564
574
581
588
595
602
609
616
623
630
637
645
652
660
667
675
684
692
702
712
720
727
737
746
756
767
774
781
788
796
803
810
822
831
838
845
852
859
866
873
881
890
897
905
912
921
932
939
946
953
964
972
980
992
999


11
20
29
36
44
52
60
71
78
86
93
104
116
133
151
172
181
198
220
239
260
277
298
319
337
347
356
365
375
388
397
414
424
443
454
471
482
495
507
524
543
553
562
579
599
618
627
644
655
673
690
711
728
745
762
774
791
809
818
835
852
876
889
898
907
920
929
941
950
958
967
980
986
995


14
21
26
32
43
50
57
227
245
265
282
299
309
327
345
364
377
394
413
431
450
473
490
508
517
536
555
572
589
606
624
643
662
680
697
718
743
763
780
799
817
839
857
874
902
919
932
950
970
988
997


11


21
28
34


13


8
17


14


8


8


12
17


20


28


7
12
18


8
14


21
26


11
16
27


32
39
45
50
57
65
72
81
91
98
107
114
123
130
141
156
165
174
183
193
203
217
226
237
247
258
273
282
291
302
313
323
332
345
354
363
374
383
394
406
416
427
440
452
463
475
485
494
505
514
523
537
553
563
572
583
597
606
618
629
639
654
663
674
684
695
705
717
727
736
748
757
770
780
789
798
810
820
829
840
852
865
875
886
899
909
919
928
936
944
957
964
971
981
991


13
18


20


37
45
50
57
66
83
92
111
126
133
154
173
182
199
217
234
253
274
295
312
332
349
358
379
392
407
426
438
452
471
491
511
529
546
558
575
602
621
630
647
667
688
698
718
738
755
773
792
809
822
842
852
871
888
906
927
936
950
967
976
985
997


12
21
28
46
52
63
70
79
96
111
137
144
156
165
178
193
202
219
229
246
257
266
283
292
313
324
333
342
359
376
397
417
438
455
473
493
511
529
547
567
587
606
617
636
656
676
696
714
734
746
756
777
796
813
823
847
860
878
895
904
921
930
939
952
971
981
994


43


17
23
28


57
64
70
77
89
99
118
132
153
171
181
201
218
227
248
266
275
285
300
319
336
346
364
382
400
411
428
446
468
488
497
514
531
540
558
579
602
621
640
649
667
685
695
715
736
757
774
794
803
820
832
845
855
872
889
899
922
932
944
962
985
991


23


9


8
14


11
18
24


11


30
39
59
68
75
90
109
116
134
145
154
171
192
209
233
250
267
287
304
321
343
360
379
388
397
416
427
440
464
482
499
517
535
554
572
581
602
620
633
650
669
681
699
719
737
762
783
795
818
835
856
873
890
910
929
946
956
966
983


9
19
27
38
45
62
80
90
109
118
131
142
159
177
189
210
227
251
268
287
307
324
342
364
373
390
411
429
452
473
494
514
531
552
571
592
611
633
653
674
692
717
738
755
775
794
804
822
831
848
865
882
899
916
934
951
972
991


32


9
20
37
46
56
67
84
101
118
139
156
177
194
203
226
238
258
279
296
308
332
353
374
394
412
425
438
458
479
501
520
537
549
567
584
602
619
636
656
677
692
709
726
751
770
787
806
823
833
850
875
893
910
926
943
962
972
981


13
18
29
37
49
57
69
78
85
94
101
108
115
127
137
144
162
171
180
191
209
226
245
254
271
293
312
330
339
356
367
376
393
410
419
430
452
471
488
507
524
534
556
574
587
607
627
637
650
672
689
711
731
748
765
782
803
820
839
852
872
881
899
918
937
954
975
995


10


19
24


9


36
43


19
26
33
42


15
25
35
45
52
59
68
77
89
98
110
119
136
147
157
174
191
208
225
244
259
277
293
313
330
347
369
378
395
412
423
443
461
479
497
515
536
558
582
603
622
639
659
676
697
717
734
746
756
774
793
802
820
839
858
875
896
918
927
945
963
972
990


18
25
32
44
51
58
70
79
86
94
101
109
117
126
133
140
152
160
170
178
185
193
200
207
218
227
234
241
256
269
277
289
296
305
312
319
329
336
343
355
369
376
384
391
400
407
415
424
431
440
447
457
467
482
493
501
512
522
530
537
544
552
559
566
574
582
589
597
605
612
621
628
635
647
654
661
669
676
684
695
703
710
720
730
738
745
753
760
767
775
784
792
804
811
820
828
835
846
855
862
870
877
884
891
900
910
918
925
934
942
950
957
968
980
987
996


20
29
35


11
18
25
35
43
51
60
67
76
83
93
100
112
119
126
133
141
148
155
168
175
186
193
208
215
222
229
236
245
254
265
272
283
290
297
306
314
321
328
335
342
350
357
364
371
380
387
394
407
417
426
435
444
451
458
465
472
479
486
493
500
507
514
522
532
540
547
556
563
573
580
589
597
604
611
618
625
637
645
652
659
669
676
683
690
697
710
720
730
739
746
753
760
767
774
786
794
803
811
823
830
837
844
857
865
873
880
890
897
905
912
920
930
938
945
960
970
978
986
996


49
56
64
72
80
87
100
112
120
129
142
151
160
169
182
192
201
215
224
236
246
257
268
275
288
300
311
322
333
342
354
363
375
384
395
404
414
426
436
447
456
466
477
487
497
507
518
527
536
547
557
569
578
590
599
608
622
635
645
658
668
681
693
703
718
727
738
751
760
775
785
795
804
813
822
834
849
862
869
879
888
898
907
916
925
934
945
954
963
972
982
991


12
22
34
40
59
66
74
91
105
126
143
154
172
191
200
217
238
247
265
278
287
311
328
346
365
382
391
410
427
436
454
472
494
514
524
541
558
569
588
605
622
639
656
665
682
703
712
731
752
769
787
805
820
837
854
871
884
893
917
926
943
961
980


10
18
25
32
48
57
68
85
102
121
130
147
159
176
197
218
237
254
271
289
307
327
345
365
386
403
425
443
460
473
482
499
516
533
555
576
603
627
650
668
686
707
724
762
783
802
824
841
858
868
878
889
909
918
936
953
970
986
995


13
19
25
30
39
44
49
54
62
71
76
87
95
101
111
122
127
132
138
146
151
156
162
167
172
177
182
188
194
201
207
215
222
230
240
246
256
262
267
274
279
287
292
301
306
311
317
323
329
334
343
348
353
359
364
369
378
383
392
401
408
413
418
423
429
434
441
446
451
456
461
466
471
476
482
493
501
508
513
519
530
536
541
551
556
563
569
575
582
588
595
601
606
611
616
621
632
637
642
647
652
657
662
681
690
701
709
714
722
727
732
737
751
756
765
775
780
788
793
801
808
813
819
824
829
834
844
849
854
861
866
872
883
890
898
903
912
921
926
931
938
945
950
956
963
970
979
984
991
996


9
20
27
36
43
50
65
72
79
86
93
103
110
118
126
134
141
149
156
166
175
183
190
199
209
216
224
232
239
247
254
265
272
279
287
295
303
310
318
326
333
340
347
355
362
369
376
385
395
402
410
426
434
441
449
459
472
480
487
496
505
512
519
526
534
543
550
557
568
579
587
594
601
608
618
626
634
641
657
664
673
680
687
694
702
710
717
724
731
738
745
754
761
768
776
784
791
798
805
812
819
827
836
846
853
860
867
878
885
893
900
908
916
923
932
939
946
953
962
969
980
989


11
20


14
21
26
32
43
50
57
220
237
258
280
298
315
337
355
372
391
408
425
442
460
480
497
514
531
555
572
583
600
620
638
655
673
695
713
732
752
773
791
808
825
842
865
882
903
920
932
950
970
977
988
997


11


21
28
34


13


8
17


14
19


8


8


12
17


20


28


7
12
18


8


21
26


11
16
27


32
39
45
50
57
65
72
81
91
98
107
116
123
130
141
160
170
182
191
203
217
226
235
247
256
270
288
301
310
323
334
346
355
366
379
391
400
412
423
432
443
456
467
480
492
504
516
526
538
551
560
569
578
587
597
609
622
632
643
655
669
679
689
701
713
724
733
746
758
770
782
795
804
817
829
841
854
867
878
887
902
911
920
930
939
949
961
973
983
993


13
18


20


37
45
50
57
66
83
92
110
130
138
155
173
187
199
216
230
251
262
274
293
310
327
334
361
370
379
388
407
425
442
459
480
490
510
521
538
549
569
586
603
621
630
648
666
676
693
706
723
740
762
779
797
814
823
840
858
875
903
926
935
957
974
981


12
21
28
46
52
69
79
98
115
134
143
154
172
193
202
229
246
258
267
280
301
321
341
358
375
392
413
422
431
452
473
494
511
528
547
567
587
605
624
636
656
677
695
705
722
740
749
769
790
808
829
847
860
873
892
902
911
928
952
971
981
990
995


43


17
23
28


57
64
70
81
90
101
110
120
140
158
167
181
201
218
227
249
258
275
286
305
326
346
363
381
399
411
428
446
467
476
496
507
516
536
545
564
581
601
621
640
649
667
685
695
718
728
741
751
760
781
800
811
831
854
871
888
906
924
933
938
955
966
987
995


23


9


8
14


11
18
25
31
42
51
56
65
74
87
96
104
121
138
147
169
189
198
215
224
244
253
270
290
303
322
343
360
370
379
398
415
432
451
469
490
509
527
544
561
579
597
616
626
647
668
689
710
729
746
755
766
783
804
824
842
860
869
879
897
914
934
947
958
967
974
991


11


30
42
49
56
67
75
90
109
117
127
145
154
171
192
209
233
250
267
287
311
320
330
351
360
379
397
416
427
440
457
474
495
516
533
554
572
581
602
619
636
654
675
692
711
730
749
767
786
809
829
848
865
882
903
923
940
951
960
969
986


9
19
28
38
46
63
76
89
100
124
141
150
159
177
189
210
234
251
269
288
307
325
342
364
383
400
419
436
454
475
487
504
524
544
564
581
599
617
639
656
674
691
708
726
747
765
786
804
822
831
848
865
882
899
909
934
951
968
975
987


32


9
18
39
60
79
85
102
114
132
151
169
178
195
209
219
238
258
279
296
308
332
350
367
379
399
419
439
459
478
498
517
526
543
562
583
606
627
636
655
676
693
705
725
745
765
775
795
816
833
850
868
885
903
921
942
959
979
991


13
18
29
37
49
57
69
78
90
99
120
131
143
152
163
183
192
210
227
244
264
273
292
303
312
331
353
373
394
404
428
449
468
632
650
672
691
711
731
748
765
782
803
821
839
852
872
881
901
918
937
954
975
984
991
998


10


19
24


9


36
43


19
26
33
44


15
25
35
45
52
59
68
77
84
96
115
132
142
151
167
185
202
222
231
254
273
283
300
309
321
339
358
376
393
410
420
437
447
464
481
498
515
535
557
575
592
612
637
655
674
694
712
731
748
769
787
808
829
839
858
875
896
913
923
940
950
970
981
998


18
25
32
43
57
68
79
86
95
102
109
116
126
134
141
152
160
170
177
185
193
200
207
220
227
234
241
265
272
279
292
299
306
315
322
332
343
352
360
369
377
384
391
398
405
413
422
437
447
457
465
476
485
493
500
510
517
525
532
540
547
556
565
573
580
588
601
608
618
625
634
643
650
659
666
678
685
697
707
715
722
730
737
744
751
759
768
775
783
791
798
806
813
823
830
838
846
855
863
876
883
892
902
911
918
925
935
942
949
957
966
973
981
988


20
29


11
18
25
35
43
51
60
67
76
83
93
100
112
119
126
133
141
148
155
162
170
178
186
193
206
215
223
230
240
247
254
261
268
281
288
301
311
320
329
337
344
352
359
366
373
380
388
396
405
412
419
426
433
443
450
459
466
473
481
490
498
508
515
522
529
542
549
556
563
570
577
584
591
600
607
614
623
630
640
648
657
664
672
680
688
695
702
709
716
723
730
738
749
757
764
771
778
786
793
802
810
817
825
832
842
851
858
865
872
882
891
898
905
913
921
928
935
942
949
960
967
977
987
999


49
56
64
72
80
90
97
108
120
134
142
151
160
168
177
189
203
214
223
233
243
253
262
271
280
289
298
306
316
325
334
347
360
369
379
389
399
408
418
427
437
447
457
466
479
488
499
508
518
532
541
553
566
575
584
593
607
620
629
638
647
656
667
676
692
704
713
722
733
743
757
767
777
786
795
811
820
830
842
851
862
872
887
898
907
918
930
939
950
959
968
977
986
993


12
22
34
43
59
73
82
91
100
109
127
143
154
173
191
200
217
238
247
264
283
302
311
328
346
365
382
391
400
417
427
436
454
472
496
513
534
551
570
587
604
622
639
656
674
691
708
725
742
752
765
782
799
820
837
854
871
883
900
917
935
945
962
971
988


10
18
25
32
43
48
61
84
98
116
134
146
160
177
196
217
234
255
276
285
306
323
343
364
383
403
425
443
460
472
489
508
530
547
566
576
603
627
648
667
690
708
725
734
753
770
779
806
823
844
857
878
889
909
918
942
961
978
991


13
19
25
30
35
44
49
54
60
66
71
78
83
89
95
101
106
111
118
125
130
135
140
145
151
157
162
168
177
183
188
194
199
208
213
220
229
234
240
245
252
257
266
274
280
287
292
298
304
310
318
323
329
334
344
352
357
363
368
373
378
384
389
394
401
408
413
418
423
430
435
440
451
456
461
466
471
476
482
487
503
509
516
522
527
532
537
542
549
556
563
570
581
586
596
601
608
616
621
627
632
641
647
654
659
664
671
676
685
690
695
703
710
715
720
728
738
743
748
754
760
766
773
783
790
795
800
805
813
821
826
831
838
849
854
860
865
875
881
886
891
901
906
911
917
926
931
936
942
950
955
965
970
983
988
994


9
20
28
33
43
51
59
66
77
92
99
106
116
123
130
139
146
156
165
172
181
188
196
204
211
220
227
236
243
251
263
272
279
287
295
306
313
322
329
336
343
355
362
369
376
383
390
397
405
412
421
428
435
442
449
457
464
471
478
485
493
500
509
518
527
536
543
558
569
576
583
591
600
607
619
626
634
642
650
657
669
676
683
692
700
707
717
725
740
747
754
762
769
776
788
801
809
819
827
836
844
852
864
871
881
889
898
905
915
923
934
941
949
958
965
976
992


11
20
29
36
44
52
60
71
78
86
93
104
113
130
147
167
187
196
205
222
231
256
270
288
305
317
335
351
363
380
390
409
426
439
448
460
470
489
507
524
545
566
577
600
618
635
644
655
675
693
704
721
735
748
766
784
803
820
837
854
863
883
900
909
918
927
936
947
958
967
982
995


14
21
26
32
37
43
50
57
220
237
260
280
299
309
327
345
365
382
399
421
438
455
473
490
508
517
536
555
572
583
601
620
638
655
673
690
711
731
749
766
783
800
820
840
865
882
903
920
934
956
965
982
991


11


21
28
34


13


8
17


14
19


8


8


12
17


20


28


7
12
18


8
14


21
26


11
16
21


32
39
45
50
57
65
74
81
91
100
109
116
128
142
151
161
174
184
193
202
211
223
233
242
251
260
271
283
298
308
320
329
339
348
362
372
386
395
407
419
432
443
456
467
478
488
502
512
523
537
547
557
568
578
588
601
614
624
635
647
659
674
684
693
705
715
727
736
753
764
777
786
795
810
820
831
840
852
863
872
881
888
902
911
924
933
945
956
969
978
983
988


13
18


20


37
45
50
57
66
83
92
111
125
147
173
187
196
216
230
250
269
279
288
310
327
343
363
384
404
413
432
452
470
491
510
520
537
546
569
586
605
624
637
654
676
693
711
732
744
762
779
797
814
823
840
858
875
887
904
924
933
945
966
973
984
996


12
21
28
46
52
63
79
96
112
119
136
153
162
173
182
193
202
230
239
265
283
292
309
330
352
372
384
401
422
440
453
473
493
510
519
536
556
576
599
617
636
656
677
696
713
737
747
768
778
798
818
828
847
860
873
892
909
918
927
936
950
970
981
993


43


17
23
28


57
64
72
83
92
110
119
140
149
164
181
201
218
236
248
266
275
286
304
327
346
363
382
400
417
427
446
466
483
502
509
528
545
563
580
602
621
640
648
667
685
695
708
725
748
765
782
795
804
823
844
854
871
888
906
923
932
944
965
986


23


9


8
25
30


11
18
24


11


30
41
55
67
75
84
101
110
119
128
148
159
177
192
209
233
250
267
287
304
321
343
360
379
388
397
416
427
440
457
476
496
516
533
554
572
581
602
619
636
654
672
682
699
721
738
764
783
796
813
830
848
865
882
903
923
940
957
966
983


9
19
28
38
45
62
80
100
117
134
151
169
189
210
227
251
268
288
307
324
342
364
384
404
421
442
462
480
497
518
537
558
579
598
616
639
656
674
692
717
738
755
775
794
804
822
831
848
865
882
899
909
934
951
968
975
987


32


9
18
35
55
64
83
101
110
127
136
145
156
174
183
201
210
227
249
266
285
302
311
332
355
366
383
400
419
439
459
478
498
517
536
556
576
593
613
630
647
664
677
691
710
727
750
770
787
806
823
833
851
868
885
903
921
946
956
973
980
986


13
18
29
37
49
57
69
78
91
96
115
131
143
152
163
183
192
210
227
236
245
264
273
292
303
312
329
338
355
367
376
388
407
428
449
470
487
500
520
529
555
574
587
607
627
637
650
672
689
711
731
748
765
782
803
820
838
847
867
885
902
919
931
940
958
975
984
991
998


10


19
24


9


36
43


19
26
33
42
52
61
67
89
106
115
135
156
173
190
208
230
243
263
284
306
315
335
352
374
391
401
418
436
454
473
491
502
519
539
556
574
591
612
629
652
669
686
703
723
740
749
759
772
791
810
827
846
863
882
899
917
936
953
970
979
999


15
25
35
45
52
59
68
77
91
98
110
119
136
147
157
174
201
223
236
246
258
270
290
321
340
349
370
381
400
418
435
455
476
493
510
527
544
565
583
603
622
639
660
677
688
699
716
733
754
766
785
802
819
839
848
865
884
896
918
927
945
963
972
992


18
25
32
47
57
64
71
78
85
94
101
112
121
131
139
149
156
170
177
184
193
200
207
218
225
234
242
250
257
264
271
283
290
298
306
315
323
334
348
357
366
373
380
387
395
403
410
418
426
433
440
447
454
462
469
477
484
493
500
511
518
525
535
542
549
556
563
571
580
587
597
604
612
619
627
635
643
650
657
664
671
679
686
694
702
710
720
727
735
743
751
759
768
777
784
791
799
806
813
820
830
838
848
855
862
870
877
884
891
898
907
916
924
931
941
948
957
964
972
981
988


20
29


11
18
25
35
43
51
60
67
76
83
93
100
112
119
126
133
141
148
155
162
170
178
186
193
208
216
223
230
237
245
252
259
267
274
283
290
299
307
315
323
330
338
346
353
362
369
376
385
393
400
407
414
421
435
444
454
461
469
478
485
492
499
508
516
524
532
541
550
557
564
572
579
587
594
601
608
616
623
630
637
644
652
659
667
676
683
694
702
710
720
728
739
746
753
761
769
778
785
792
800
810
822
829
837
847
854
865
873
880
888
895
902
910
918
926
933
940
947
957
965
972
984
995


49
56
64
72
80
89
101
110
120
130
139
150
159
168
181
190
197
206
215
224
236
245
253
262
271
280
289
299
308
317
327
334
344
363
372
384
393
404
413
422
431
443
453
465
481
499
508
517
526
538
547
556
565
574
583
592
602
611
620
632
641
650
663
672
681
692
703
712
722
731
740
748
757
769
781
792
802
813
822
833
842
852
862
870
879
888
897
908
917
924
933
942
952
963
972
983
992


12
22
34
43
48
54
66
80
97
115
124
136
149
161
172
191
200
217
238
247
264
283
302
319
339
356
365
382
391
410
419
436
454
472
495
513
534
551
569
588
605
622
639
656
673
691
708
730
752
769
787
805
820
837
854
871
884
893
916
925
942
952
971
988


10
18
25
32
43
48
59
68
85
102
119
139
159
176
196
213
232
253
270
279
297
314
331
348
359
378
403
425
443
460
483
500
521
541
558
576
606
627
650
669
690
708
728
749
766
783
792
811
828
849
866
883
904
922
942
960
977
994


13
19
25
30
36
41
48
54
60
66
71
78
87
96
101
107
112
120
125
132
140
145
151
156
162
167
177
182
189
194
199
208
213
220
225
230
240
245
250
255
264
269
275
280
285
290
295
300
305
310
316
323
329
334
340
345
352
357
363
368
373
378
385
392
397
402
409
414
422
430
436
441
446
452
457
462
468
473
481
486
491
501
506
511
521
526
531
536
544
549
554
559
564
570
575
580
585
590
595
601
606
616
621
627
632
637
642
647
652
661
666
673
681
686
692
697
702
707
712
721
726
731
738
744
751
756
766
771
777
782
789
796
801
806
811
819
824
829
834
839
845
851
861
866
877
883
889
903
909
914
921
926
932
937
944
950
956
961
966
971
976
984
989
996


9
20
27
36
43
50
59
69
80
87
95
104
111
118
126
133
141
148
155
170
181
188
197
204
211
220
227
236
243
251
258
268
275
285
292
306
313
320
327
335
342
352
360
367
374
382
389
397
406
413
420
428
435
442
450
458
470
479
491
498
507
515
528
535
544
554
562
573
584
591
602
609
619
629
636
643
650
657
669
678
686
693
702
709
717
727
734
741
748
755
763
770
777
786
796
803
810
819
833
844
851
860
867
875
882
892
900
909
916
926
933
943
950
957
964
971
978
987
998


11
20
29
36
44
60
78
87
97
111
122
133
151
168
178
196
205
222
231
252
273
290
302
322
331
341
350
359
368
387
396
413
427
437
446
455
473
484
502
522
543
553
562
579
591
601
611
631
645
663
672
693
703
712
726
743
762
780
791
808
819
836
856
865
883
902
923
933
950
959
977
995


14
20
27
34
48
67
84
93
113
126
145
162
181
190
210
227
245
265
280
299
309
326
349
513
533
552
569
583
601
624
643
662
680
697
718
743
763
780
799
817
838
860
877
898
918
935
952
964
988
997


11


21
32
42
52
59
66
78
93
103
112
124
133
154
161
178
199
217
234
251
268
291
310
319
340
360
377
397
416
433
452
461
482
501
520
537
547
556
573
596
617
634
651
671
688
708
726
747
767
785
803
823
849
867
877
898
919
936
953
970
983
993


13


8
17


14
19


8


8


12
17


20


28


7
12
18


8


21
26


11
16
21


32
39
45
50
57
65
72
81
91
98
107
116
125
134
143
150
165
174
183
193
203
213
226
236
248
260
269
279
290
303
312
321
330
342
351
362
371
380
394
405
418
427
436
448
461
474
485
495
511
524
534
547
560
571
582
594
604
623
634
644
654
666
679
691
702
713
725
738
747
759
768
780
789
798
810
820
833
842
851
860
874
885
894
905
914
925
938
949
962
973
982
989


13
26
35
41
50
65
76
89
106
117
127
136
148
167
176
196
213
224
244
254
264
282
299
317
326
335
359
368
380
401
418
430
439
452
464
476
497
518
538
561
571
592
601
620
639
658
679
696
717
737
756
773
786
804
822
841
860
869
878
895
902
919
932
952
970
983
990


20


37
45
50
57
66
83
92
111
126
133
154
173
187
198
207
224
241
252
269
279
288
311
328
343
362
371
380
400
409
429
447
466
487
504
513
530
539
559
576
586
603
620
637
658
677
694
707
728
748
765
784
803
816
836
846
855
872
882
904
922
941
950
967
976
985
997


12
21
28
46
52
61
68
89
112
123
140
157
174
193
202
219
227
239
260
272
293
310
332
341
358
378
401
420
440
453
473
493
510
519
528
547
567
587
599
617
636
656
676
696
714
735
756
777
796
813
823
843
861
873
892
909
920
938
952
972
981
994


43


17
23
28


57
64
72
85
95
108
120
139
148
158
167
181
201
218
236
248
265
285
294
304
325
345
358
379
390
411
428
446
466
489
507
526
538
557
575
593
614
633
654
674
695
718
731
740
749
759
781
800
811
832
845
867
887
899
922
932
945
952
968
981


23


9


8
14


11
18
24


11


30
40
54
60
69
75
84
101
110
119
140
150
159
177
186
203
216
233
250
267
287
304
321
343
360
379
388
397
416
427
440
457
474
491
508
528
547
567
579
597
614
634
655
674
693
710
727
744
762
783
796
813
830
848
865
882
903
923
940
957
974
983


9
19
28
38
46
63
83
92
103
115
124
141
151
169
188
209
229
251
268
288
307
324
342
363
382
400
419
436
454
475
485
502
522
539
556
577
597
617
639
656
675
692
717
738
755
775
796
815
835
856
865
882
899
909
934
951
968
975
981
999


32


9
18
35
55
64
83
101
110
127
145
156
174
183
201
210
227
249
266
285
302
317
334
355
366
388
405
414
431
451
471
489
509
536
556
573
590
608
628
645
664
677
686
698
718
735
756
775
795
816
833
850
868
885
903
916
933
950
959
979
986


13
18
29
37
49
57
69
78
91
96
115
131
143
152
162
179
200
221
232
243
264
273
292
303
315
328
345
354
375
392
406
428
445
465
485
506
526
543
556
574
591
600
613
632
641
660
677
697
718
738
759
770
782
803
820
839
852
871
890
907
924
937
954
975
984
991


10


19
24


9


36
43


19
26
33
42


15
25
35
45
52
59
70
79
91
104
114
131
150
163
172
191
208
225
242
251
268
277
286
303
321
338
357
376
400
418
435
452
479
510
527
536
558
576
593
611
638
655
672
692
711
731
748
765
782
799
816
839
848
866
887
904
923
940
949
966
976
992


18
25
32
43
51
58
65
73
80
87
94
103
111
124
131
138
152
159
166
173
180
187
198
205
212
223
230
239
246
253
263
270
277
285
292
300
307
314
321
328
335
345
353
360
367
375
382
390
398
409
418
425
434
441
449
460
468
475
482
491
498
508
515
522
529
536
547
556
565
573
580
591
598
609
616
623
630
637
645
652
660
667
675
684
694
705
712
719
727
736
743
750
759
766
773
781
789
796
803
810
817
824
832
839
847
855
862
869
877
884
891
898
909
918
925
939
954
961
969
976
983
990
999


20
29


11
18
25
35
43
51
60
67
76
83
91
101
111
119
126
135
142
149
158
166
173
180
188
200
208
220
227
235
242
252
260
267
278
285
292
301
308
316
323
331
343
353
361
370
378
385
393
400
407
414
421
428
435
442
450
457
465
473
480
487
494
502
509
520
527
534
543
551
558
567
577
587
594
601
612
619
627
635
642
650
659
666
675
683
690
700
707
714
725
732
740
747
754
761
769
776
784
792
799
810
817
824
831
839
849
857
865
873
880
887
897
904
915
928
939
946
957
964
975
984
994


49
56
64
72
79
90
97
104
115
122
133
142
151
160
169
182
192
201
214
223
233
243
253
260
269
278
287
296
307
318
328
337
346
355
366
375
384
393
402
409
418
427
436
445
454
465
474
489
500
510
520
530
539
548
557
566
575
585
594
603
612
622
635
647
656
665
680
691
703
717
728
738
748
757
769
778
787
796
808
818
827
837
846
855
864
873
886
897
908
918
927
938
947
956
965
974
983
992


12
22
34
47
54
66
75
96
103
114
127
142
160
172
191
200
217
238
247
265
283
302
319
339
356
373
396
416
435
454
472
492
512
533
550
567
585
602
622
639
656
674
695
704
726
735
752
769
786
805
820
837
854
871
884
894
906
925
942
952
971
988


10
18
25
32
43
54
63
83
92
102
121
130
147
154
163
184
202
219
237
254
271
288
297
316
333
352
369
379
403
425
443
460
483
500
521
538
555
576
603
627
650
669
691
711
728
753
770
779
801
824
841
860
878
895
916
941
953
970
987
998


13
19
25
30
35
44
49
54
62
67
72
79
86
95
103
108
113
122
127
133
141
147
157
162
167
175
180
188
193
204
210
217
222
227
238
243
248
254
260
267
277
282
287
292
299
304
310
317
323
329
335
340
352
357
363
368
373
379
385
392
397
402
407
412
420
425
431
436
442
447
452
460
477
486
492
497
504
510
516
524
530
536
545
552
557
563
568
575
580
589
594
599
604
609
616
621
627
633
641
646
654
659
664
669
677
683
690
695
700
705
710
715
723
728
737
742
752
757
763
768
773
778
789
795
801
806
813
819
824
829
834
840
847
853
863
869
875
881
886
891
896
902
909
915
920
925
931
936
945
950
956
965
970
983
988
994


9
20
27
32
39
46
57
64
71
78
85
92
99
109
116
123
130
141
148
156
166
173
180
188
195
202
209
216
224
231
238
250
263
272
279
286
293
303
314
321
329
337
345
355
362
369
376
387
397
404
411
420
429
437
444
451
458
466
473
480
487
494
503
514
523
530
537
544
554
561
572
579
586
594
601
609
616
624
632
640
650
657
664
673
683
691
702
709
718
727
734
741
748
756
763
773
780
787
800
808
819
830
839
847
855
864
872
882
892
900
908
915
922
931
939
950
957
971
979
990


11
20
29
36
44
52
60
71
78
86
93
104
116
133
151
172
181
198
219
228
237
256
266
285
306
315
324
333
342
352
373
392
409
431
448
457
466
484
504
524
544
561
571
580
597
607
617
635
655
678
687
708
725
735
744
753
770
790
806
824
835
857
870
890
901
918
930
940
959
980
990
996


14
20
27
34
49
67
84
94
112
125
144
157
179
200
220
229
246
265
282
302
325
342
364
377
399
421
438
460
480
497
514
531
552
571
589
610
630
650
671
691
712
729
746
764
781
799
816
837
854
874
903
920
944
964
988
997


11


21


13


8
17


14


8


8


12
17


20


28


7
18


8


21
26


11
16
27


32
39
45
50
57
65
74
81
91
98
107
116
123
130
141
155
165
174
184
193
202
213
222
231
242
251
260
269
279
288
297
306
315
325
334
347
356
367
376
386
397
407
416
425
434
446
456
468
480
495
504
513
530
539
548
557
568
577
586
595
604
613
627
637
647
659
669
678
687
696
705
716
727
740
752
765
777
793
802
812
822
833
846
857
870
879
890
903
912
924
933
942
954
966
975
982
988


13


20


37
45
50
57
66
83
92
111
124
147
165
187
199
216
229
241
252
269
279
288
311
328
343
363
384
405
422
431
440
458
475
495
513
534
552
569
579
601
621
630
648
666
676
693
710
727
746
767
788
801
812
829
846
855
872
882
903
923
941
950
967
976
997


12
21
28
46
52
69
79
96
112
119
137
154
174
193
202
219
226
239
258
267
280
301
321
341
358
375
392
413
426
435
453
473
495
504
513
531
552
573
586
599
617
637
656
677
696
714
731
748
768
789
806
823
835
852
875
885
902
920
938
956
965
974
981
990
995


43


17
23
28


57
64
72
86
95
108
117
132
142
153
171
181
201
218
227
244
253
272
289
306
315
335
346
363
383
400
417
427
437
447
467
476
497
514
531
541
558
579
601
618
635
658
675
695
718
731
740
749
760
779
794
803
823
844
854
871
888
906
923
932
944
965
984
993


23


9


8
14


11
18
24


11


30
40
49
56
67
75
83
92
99
110
119
128
147
154
171
191
215
233
250
260
277
296
311
331
351
360
377
389
402
423
433
454
474
495
516
533
554
572
581
602
620
633
650
669
679
697
714
731
752
769
789
809
829
848
865
882
903
923
940
951
960
969
978
987


9
19
27
38
45
62
72
90
108
129
139
157
177
189
209
229
251
269
288
307
325
342
363
382
404
421
442
460
480
497
517
538
558
580
597
616
639
656
674
692
717
734
755
775
794
806
828
842
863
884
901
915
925
942
967
976
989


32


9
19
27
44
49
58
76
83
94
113
126
135
145
156
177
194
203
226
238
258
279
296
308
332
350
372
393
413
430
450
613
630
647
664
677
686
705
725
745
765
775
795
816
833
850
870
891
903
916
933
950
959
979
991


13
18
29
37
49
57
69
78
91
96
108
115
131
148
169
177
191
200
221
232
243
264
273
292
303
315
333
353
367
376
394
404
430
452
471
488
508
529
556
575
592
603
615
632
651
672
689
711
730
742
751
769
790
811
820
839
852
872
881
901
918
937
954
975
984
991


10


19
24


9


36
43


19
26
33
42


15
25
35
45
52
70
79
89
104
114
131
149
163
172
191
208
225
234
251
260
277
293
320
341
358
376
393
410
423
442
461
473
492
509
526
543
560
581
604
622
639
660
677
688
707
731
748
766
784
803
820
840
858
875
896
918
927
939
959
976
992


18
25
32
42
51
58
66
77
90
97
105
112
126
137
151
165
172
179
186
193
200
207
220
227
234
243
250
257
264
271
284
301
309
316
323
336
343
351
358
366
373
380
387
398
405
413
420
428
435
442
450
457
468
475
482
489
496
503
510
517
525
533
543
552
559
566
575
583
590
598
608
615
623
630
640
648
655
662
670
677
685
692
700
708
722
730
737
744
751
758
766
775
784
792
799
806
813
822
830
837
844
854
865
873
880
888
895
903
910
918
925
935
942
950
959
966
973
987
995


20
29


11
18
25
35
43
51
60
67
76
83
93
100
112
119
126
133
141
148
155
162
170
178
186
193
200
209
216
235
242
252
260
267
276
283
292
299
306
315
328
335
342
349
358
368
375
382
391
398
408
416
424
433
440
450
457
464
471
478
487
494
501
509
518
529
536
543
551
558
565
577
587
595
602
609
617
624
635
642
649
658
666
678
687
696
705
715
723
733
740
750
757
771
781
788
797
804
811
823
830
842
849
857
864
872
879
887
897
905
914
921
928
935
943
955
965
972
979
987
999


49
56
64
72
79
90
101
109
119
128
139
151
160
174
183
192
201
210
220
229
240
253
262
271
280
289
298
307
316
327
338
347
360
369
379
389
401
410
419
428
437
447
466
479
490
500
512
524
537
547
557
569
578
588
598
607
624
635
644
655
664
675
684
700
709
722
731
743
753
762
776
785
794
803
814
823
832
841
852
862
870
879
888
897
906
915
925
935
947
957
968
978
990
999


12
22
34
43
60
69
85
102
111
131
148
165
183
200
217
238
247
264
284
301
318
335
353
371
389
398
410
427
436
454
472
494
511
528
547
567
588
605
622
639
656
665
682
703
725
742
752
769
791
810
828
846
865
874
892
901
918
935
945
962
971
988


10
18
25
32
40
50
71
83
92
101
118
127
139
152
161
172
189
198
218
237
254
272
291
302
321
343
364
381
403
425
443
460
473
482
499
516
537
546
566
584
603
627
648
667
690
709
728
758
768
785
807
825
834
851
868
889
909
918
936
953
970
988
995


13
19
25
30
39
44
49
54
62
67
72
86
94
100
105
111
116
122
127
135
141
146
151
157
162
168
175
180
185
197
204
209
215
222
227
232
238
243
248
254
267
276
282
287
292
301
306
311
316
321
329
334
340
345
352
358
363
368
373
379
384
392
397
402
409
414
419
424
431
436
443
451
456
461
466
471
476
481
486
491
500
508
519
525
530
535
540
545
550
556
561
567
572
577
582
587
593
599
604
611
616
622
627
632
639
644
649
660
669
676
683
690
695
700
705
710
715
721
729
738
744
749
754
760
765
770
777
782
789
795
804
809
814
819
824
829
835
840
849
854
862
872
877
883
888
896
901
906
911
916
925
930
935
944
949
956
961
973
983
988
993
998


9
20
28
33
43
50
57
64
72
82
92
99
108
115
122
130
138
146
153
160
167
175
186
193
202
209
216
227
237
248
255
270
277
287
296
304
311
318
326
338
348
355
362
369
376
383
390
397
404
411
419
427
434
441
448
455
463
470
483
495
503
510
518
526
533
540
548
555
565
572
580
587
595
602
610
621
628
637
645
652
659
666
674
683
690
697
706
718
731
738
745
752
759
766
775
782
795
802
810
819
827
836
846
853
860
867
875
882
893
900
908
915
922
929
936
943
952
959
966
973
980
990
999


11
20


14
20
27
34
43
53
78
92
112
125
144
153
170
187
204
221
237
258
280
299
309
326
347
367
389
406
423
443
460
480
497
514
531
552
571
589
606
624
643
662
680
697
718
735
753
773
790
807
828
850
874
894
903
920
935
952
964
988
997


11


21
28
34


13
20
25
30
36
56
68
78
88
97
109
118
138
150
159
168
186
203
221
238
256
265
283
300
309
318
335
361
384
404
426
448
468
486
517
534
555
573
594
613
630
647
665
683
701
718
737
757
778
798
819
837
854
863
884
905
922
941
962
971
989


8
17


14


8


8


12
17


20


28


7
18


8


21
26


11
16
27


32
39
45
50
57
65
72
81
91
100
109
116
125
141
150
159
168
180
191
200
212
223
235
247
257
270
279
288
300
310
320
330
339
348
360
370
379
389
399
411
422
434
448
458
471
483
495
504
516
527
536
548
560
569
578
589
598
610
623
633
643
653
666
676
685
696
709
720
732
741
752
762
771
783
792
803
814
823
832
846
855
864
876
885
899
909
919
928
935
945
961
976
983
992


13
18


20


37
45
50
57
66
83
92
110
128
138
155
173
187
199
208
217
234
253
270
288
311
328
343
363
384
405
424
441
459
480
491
511
528
549
569
579
600
620
637
658
677
698
718
735
755
773
792
809
827
846
855
872
885
895
904
926
935
957
974
984
997


12
21
28
46
52
63
70
80
90
99
112
119
136
143
154
173
182
196
206
229
246
258
267
280
301
319
336
345
354
371
389
402
411
430
453
473
494
511
529
546
556
577
587
599
617
636
656
677
695
714
731
748
767
784
801
813
823
843
861
873
892
912
921
938
955
972
981
990
995


43


17
23
28


57
64
72
79
101
110
120
140
149
165
181
201
218
227
245
258
275
285
298
319
336
346
363
381
399
412
425
446
467
476
496
514
531
540
561
570
588
605
627
646
658
667
685
695
718
730
739
757
774
795
804
823
844
853
870
880
899
922
932
945
957
966
987
995


23


9


8
14


11
18
24


11


30
40
49
56
67
75
90
109
117
127
145
154
171
192
209
233
250
267
287
311
330
343
360
379
389
402
423
433
457
476
496
516
533
542
554
572
581
602
620
633
642
659
680
697
714
731
752
769
789
809
828
848
865
882
904
923
940
951
960
967
984


9
19
27
38
45
62
80
101
110
131
141
150
159
177
189
209
229
251
269
288
307
324
342
364
383
400
420
431
452
475
485
504
523
540
553
570
592
616
639
656
674
692
717
738
755
775
796
816
836
856
865
882
895
909
934
951
968
975
992


32


9
18
35
55
64
83
101
110
127
136
145
156
174
183
201
219
238
258
279
296
308
332
350
372
393
413
430
450
471
490
511
536
556
573
586
606
627
636
655
676
693
705
725
743
755
775
795
816
833
850
868
885
903
916
933
956
973
980


13
18
29
37
49
57
69
78
90
101
107
120
131
149
158
177
194
211
221
232
243
265
274
285
303
312
328
345
367
377
394
411
430
452
471
488
507
524
534
556
574
586
607
627
637
650
667
676
686
698
718
738
756
776
793
811
820
839
852
871
890
907
924
937
954
975
995


10


19
24


9


36
43


19
26
33
42


15
25
35
45
52
59
68
77
91
104
114
131
148
157
174
191
208
225
244
253
276
293
302
321
342
352
361
378
395
412
423
443
461
471
488
509
527
544
561
582
603
622
639
660
680
699
716
733
754
765
782
799
819
839
859
877
896
918
927
938
959
976
992


18
25
32
50
57
64
71
79
90
97
104
115
122
129
136
147
154
162
169
177
184
192
200
207
214
221
228
235
243
250
257
264
271
282
289
296
304
316
323
335
343
353
360
374
385
395
402
409
416
424
433
440
447
460
468
478
487
495
502
510
517
527
535
547
556
565
572
580
608
615
623
630
643
650
657
664
671
679
687
694
701
708
715
728
737
744
751
758
766
773
781
791
798
806
813
820
833
840
848
860
867
874
882
889
896
903
912
922
929
936
943
959
969
976
984
993


20
29


11
18
25
35
43
51
60
67
76
83
93
100
112
119
126
133
141
148
155
162
170
186
200
212
219
229
240
247
255
262
269
278
285
292
300
307
314
329
337
344
351
360
368
378
385
393
402
409
425
432
442
450
457
464
471
478
486
495
502
509
516
523
530
541
551
558
566
575
584
591
598
605
612
619
627
635
644
651
658
665
672
683
690
697
705
712
719
732
739
748
758
766
774
781
788
798
805
813
824
831
842
849
858
865
874
881
888
896
903
910
919
926
933
940
947
959
968
975
984
991
998


49
56
64
72
79
90
103
116
125
136
145
155
165
174
183
194
204
215
227
238
248
260
269
278
289
298
307
317
328
337
346
355
366
379
391
400
411
420
429
438
449
458
467
481
490
499
508
518
528
537
546
557
570
581
590
599
609
620
629
638
647
656
666
675
685
694
703
712
721
730
750
759
772
782
793
805
817
829
838
847
857
866
877
887
898
907
918
932
941
950
959
968
977
986
994


12
22
34
43
54
66
79
86
100
109
127
142
161
172
189
200
222
239
248
265
278
287
311
328
346
365
382
391
400
417
426
448
468
490
511
528
537
547
567
588
605
622
639
656
665
682
703
712
730
747
765
782
799
820
837
860
869
884
893
916
925
942
952
971
980
995


10
18
25
32
43
48
59
71
88
111
129
146
160
177
197
217
234
252
269
287
297
316
333
352
369
378
403
425
443
460
473
483
504
527
547
566
578
603
627
645
658
679
697
715
733
758
768
785
805
825
834
851
868
889
909
918
936
953
970
986
999


13
19
24
30
35
42
49
54
65
71
78
90
95
100
105
110
117
122
127
132
140
145
151
156
162
168
175
180
185
194
199
207
215
222
228
238
243
248
254
261
266
271
277
286
293
302
310
317
323
329
334
340
345
350
355
360
365
370
375
380
387
392
397
402
412
417
423
429
436
444
449
455
462
471
476
481
494
501
506
511
516
522
527
532
545
550
556
563
570
579
584
589
596
601
608
616
622
627
633
638
644
649
654
663
671
678
683
689
694
699
704
709
716
723
729
738
743
752
759
766
772
777
790
797
804
811
816
823
828
833
840
847
854
862
867
872
877
883
889
897
903
911
917
923
928
933
939
944
950
955
961
966
971
984
991
998


9
20
27
36
43
51
62
71
81
92
102
109
116
123
130
137
144
151
160
167
175
184
191
199
206
216
223
231
238
245
252
259
268
275
285
295
304
311
318
329
336
344
355
362
369
376
390
397
404
411
421
428
435
447
456
463
470
488
496
503
511
518
526
533
540
548
555
565
573
580
588
595
602
609
616
624
631
638
645
652
659
670
680
687
694
705
712
719
727
734
744
756
767
774
783
790
797
805
819
826
835
842
852
859
866
873
881
890
897
904
911
925
935
942
951
958
967
974
984
991


11
20


14
20
27
32
43
53
78
92
112
125
145
162
179
189
210
227
245
265
282
299
308
325
342
365
382
400
420
437
458
475
495
514
531
552
569
589
606
624
645
662
680
697
718
743
763
780
799
820
840
865
882
903
920
937
946
964
988
997


11


21
28
34


13


8
17


14


8


8


12
17


20


28


7
12
18


8


21
26


11
16
27


32
39
45
50
57
65
72
81
91
98
107
116
123
130
141
155
164
174
183
194
203
212
226
236
245
255
264
275
288
299
308
317
328
340
353
362
374
384
393
407
420
432
445
454
464
477
487
499
508
517
530
542
551
562
574
586
599
612
626
635
644
654
663
677
686
704
715
724
736
752
762
774
785
800
810
823
835
844
857
866
875
884
897
906
915
926
935
945
958
963
972
982
990


13
18


20


37
45
50
57
66
83
92
111
124
147
165
187
199
216
230
252
269
282
299
310
327
343
363
380
397
414
432
452
471
492
511
529
551
569
579
600
619
637
655
676
693
710
735
754
775
795
814
827
846
855
872
882
899
910
927
936
950
967
976
985
997


12
21
28
45
54
63
70
80
89
96
114
122
134
143
162
174
193
202
219
229
246
258
267
280
300
319
336
345
354
373
383
392
413
422
431
452
473
494
511
529
547
567
587
607
616
636
658
678
690
707
724
741
758
775
796
813
822
843
861
873
892
909
921
930
939
952
971
981
990
995


43


17
23
28


57
64
70
81
91
104
115
132
141
158
167
180
192
201
218
236
245
262
273
285
299
319
336
346
363
381
399
412
425
446
467
476
496
507
516
536
545
564
581
591
601
621
640
647
666
676
696
707
718
730
739
757
774
795
804
821
984
995


23


9
14


8
14


11
18
24


11


30
42
55
67
75
84
101
110
119
136
145
154
172
192
209
218
231
243
260
277
296
311
320
337
346
357
366
379
388
397
416
427
440
459
476
496
516
533
554
567
579
597
614
634
655
674
694
707
727
744
762
785
803
824
848
865
882
903
923
940
951
960
969
978
993


9
19
27
38
45
62
80
99
109
131
141
152
164
189
210
227
251
269
288
307
325
342
364
384
404
421
438
455
475
485
506
526
548
569
590
603
623
640
658
667
684
702
717
738
757
776
794
806
823
844
864
882
899
909
934
951
968
975
996


32


9
18
39
60
79
101
110
131
151
169
178
195
210
228
250
267
279
296
308
325
342
351
368
388
409
428
447
459
478
499
511
536
555
567
586
606
627
636
655
676
693
705
725
745
765
775
795
816
840


13
18
29
37
49
57
69
78
85
94
101
108
120
131
143
152
163
183
192
210
227
244
264
273
292
303
312
328
345
367
388
410
419
428
449
470
487
500
520
532
556
574
591
600
613
632
651
672
692
711
731
748
765
782
803
823
840
861
878
890
907
924
937
954
975
984
991
998


10


19
24


9


36
43


19
26
33
42
53
65
75
88
105
114
124
135
156
173
190
208
230
247
265
277
298
317
335
352
374
392
409
418
436
453
472
489
510
527
539
556
573
591
611
631
650
667
684
701
710
728
745
762
781
798
827
846
863
881
898
917
936
953
970
977
990


15
25
35
45
52
59
68
77
89
103
120
129
147
157
174
191
208
225
237
246
260
277
293
321
339
358
375
393
411
433
451
472
492
509
532
557
582
603
622
639
660
677
694
711
732
749
766
786
803
820
839
858
875
896
918
927
944
961
970
981
998


18
25
32
44
51
58
69
79
86
94
105
116
126
133
140
147
154
162
169
180
187
194
202
209
217
224
233
240
250
257
264
271
278
285
292
300
307
315
323
332
339
346
354
361
377
384
392
399
407
416
423
431
438
449
456
464
471
481
488
496
507
515
523
530
540
547
558
565
572
581
588
598
607
614
621
628
635
651
658
665
673
684
692
703
710
720
730
749
757
768
777
784
791
807
814
823
830
838
848
855
862
870
877
884
892
900
912
919
929
936
943
952
960
967
974
981
988
999


20
29


11
18
25
35
43
51
60
67
76
83
93
100
112
119
126
133
141
148
155
162
170
178
186
193
200
212
219
226
235
243
250
257
265
273
280
287
294
301
310
320
329
336
343
350
357
364
371
382
394
401
408
418
427
435
443
453
460
469
476
483
491
500
508
516
523
530
537
546
553
562
570
577
584
591
601
610
618
629
642
649
657
666
676
684
695
702
709
716
725
733
740
750
757
767
775
786
794
802
810
817
825
832
840
849
856
864
879
887
895
903
910
918
930
937
945
954
961
968
978
986
994


49
56
64
72
80
88
99
106
119
128
137
146
155
165
176
185
197
206
215
226
234
243
252
261
270
279
289
298
306
315
323
335
344
357
376
385
394
403
413
422
433
442
451
460
470
479
488
499
508
517
532
541
554
564
573
588
597
606
620
633
643
655
664
673
683
692
701
710
720
729
738
750
759
771
780
792
801
810
819
830
841
851
862
869
878
893
903
915
924
933
942
951
960
971
980
989
999


12
22
34
39
48
57
66
74
96
103
110
127
143
154
172
181
191
201
215
232
249
266
285
302
319
339
356
377
388
405
414
431
448
467
492
514
524
541
550
567
585
602
622
639
656
665
682
703
727
747
756
773
792
810
828
850
860
869
886
895
916
925
945
962
979
988
997


10
18
25
32
40
47
68
85
102
112
130
147
160
177
196
218
237
254
272
289
306
323
343
364
373
390
408
425
443
460
473
483
498
517
534
555
576
603
627
650
671
691
708
725
760
779
806
824
841
859
878
895
915
933
942
961
978
991


13
19
24
30
35
44
49
54
64
69
78
83
90
95
100
105
110
117
122
127
132
138
143
151
157
162
167
177
183
189
194
199
208
213
220
225
231
237
242
248
254
261
266
275
280
287
292
300
305
310
317
323
329
334
342
347
352
357
363
368
373
378
384
392
397
402
408
413
418
423
428
433
441
446
451
456
461
466
471
479
484
489
498
503
508
513
518
531
542
547
552
558
566
571
576
582
587
595
605
610
615
620
627
632
637
642
647
653
658
663
668
675
681
690
697
702
709
715
721
726
732
741
746
751
760
767
772
777
782
788
793
799
804
809
814
819
824
829
837
844
849
854
861
866
881
890
898
903
909
915
926
931
936
944
950
955
961
966
971
976
981
989
996


9
20
27
36
43
51
59
66
73
80
92
102
109
116
123
134
141
148
155
162
170
180
187
196
205
212
219
227
236
244
251
264
271
281
288
295
303
310
320
327
341
350
360
367
376
387
395
406
414
421
429
436
446
453
460
468
475
482
489
498
507
516
525
533
543
552
559
568
575
582
589
597
607
614
621
628
637
644
653
660
667
675
684
691
698
705
712
719
727
735
747
754
764
771
778
785
793
805
812
819
827
834
841
850
857
864
873
881
894
903
910
917
927
934
942
950
957
967
975
985
992


11
20
29
36
44
52
69
78
88
115
124
141
150
160
170
180
192
210
230
250
260
277
294
303
312
330
349
358
367
384
395
404
413
422
432
449
458
470
489
507
524
545
562
582
601
610
630
648
657
666
682
699
708
728
745
769
785
804
824
835
853
862
876
888
909
918
935
950
959
980
989


14
20
27
33
49
67
84
94
112
130
151
160
181
190
211
229
246
265
282
299
309
326
343
365
382
400
421
443
460
480
497
514
531
552
571
589
610
627
645
662
683
701
718
743
763
780
799
820
840
857
874
894
916
936
956
965
982
991


11


21
28
34


13


8
17


14


8


8


12
17


20


28


7
12
18


8
14


21
26


11
16
21


32
39
45
50
57
65
74
81
91
100
109
116
130
137
147
156
165
174
183
193
202
211
222
232
243
256
269
278
290
299
308
320
329
344
353
362
373
384
393
408
418
431
448
457
468
479
488
499
512
524
537
548
557
568
578
589
600
609
620
630
642
654
664
676
689
703
715
726
737
747
756
765
778
790
802
815
828
837
846
858
869
880
892
905
914
923
933
943
952
963
972
982
987
992


13
18


20


37
45
50
57
66
83
92
110
128
138
155
165
187
199
216
229
241
252
269
278
295
311
328
343
363
384
405
422
439
448
460
477
497
518
537
550
573
591
611
628
646
666
676
694
704
721
742
761
782
800
809
822
842
853
865
882
903
926
935
957
974
984
997


12
21
28
45
54
63
72
85
96
113
134
143
154
174
193
202
219
229
246
258
267
280
300
319
336
345
358
375
392
413
422
431
452
473
495
504
513
531
552
573
586
599
616
636
656
675
696
714
734
745
769
789
806
823
835
852
873
892
909
918
928
952
971
981
993


43


17
23
28


57
64
72
87
95
104
115
132
141
150
165
179
196
205
218
231
249
258
275
285
298
319
336
346
363
381
404
417
427
437
446
467
476
496
507
516
539
558
579
601
618
635
658
667
685
695
719
739
757
781
800
812
823
844
853
870
879
899
922
932
945
957
966
983
995


23


9


8
14


11
18
25
31
42
51
60
66
72
81
98
109
120
138
147
169
178
196
215
224
245
264
281
303
324
344
370
379
398
415
432
451
469
490
509
527
544
561
579
597
618
638
657
676
698
718
738
755
766
783
804
824
842
863
884
901
919
936
953
962
974
991


11


30
40
49
55
76
81
88
98
110
119
136
150
159
177
186
203
216
233
250
267
287
304
321
343
360
379
388
397
416
427
440
457
474
495
516
533
553
572
591
608
625
634
655
675
692
706
719
738
762
783
796
809
828
848
865
882
903
923
940
957
966
983


9
19
28
38
46
55
76
89
101
110
130
151
169
188
209
229
251
268
288
307
324
342
364
377
394
411
430
451
471
488
507
524
544
564
581
600
617
639
656
674
692
717
738
755
775
796
815
834
851
876
893
909
934
951
968
975
992


32


9
18
35
56
67
84
101
113
126
135
145
156
177
194
211
228
250
267
279
296
308
332
353
374
394
412
429
446
459
478
498
517
536
555
718
735
756
775
795
816
833
850
870
891
903
916
933
956
973
980


13
18
29
37
49
57
69
78
91
96
108
115
131
143
152
163
183
192
209
227
244
264
273
292
303
315
333
353
373
387
407
428
449
468
479
500
518
538
556
575
598
615
632
650
672
693
711
731
748
765
782
803
820
839


10


19
24


9


