905.1706
907.1417
942.4884
776.8931
899.6758
764.60443
771.19147
890.6426
916.8108
754.1371
776.6266
835.9066
1071.3677
1012.98517
1009.0173
1005.5431
1054.3884
1040.0062
1089.4252
1124.4808
1094.9513
1120.2628
1070.8638
1142.3185
960.076
749.0584
1012.984
790.52057
1007.1388
868.953
924.98944
898.8101
955.3865
907.15955
816.199
1016.96484
1015.12494
1074.9504
1019.79614
1084.3195
983.8449
1077.8916
1202.1931
1017.6372
1014.3507
1153.871
1084.5001
1101.7026
890.07007
909.10846
940.2646
777.0363
733.07605
760.5665
770.5254
911.418
927.11926
943.58014
774.9523
834.28625
1085.2877
1039.2689
1012.47345
970.8179
1049.0162
1045.2245
1122.4117
1124.4808
1016.7101
1077.3916
1083.8567
1142.3184
873.60297
754.93396
1027.6344
807.87976
1007.0598
864.6115
883.3168
923.9481
955.38684
754.5233
826.89056
1016.9656
1085.4415
1087.8154
1007.8624
1084.316
1009.1816
1042.0063
1202.1907
1012.7669
1014.32416
1153.871
1085.3665
1101.7013
888.4061
901.9636
935.11676
779.6072
727.18097
768.11694
770.6294
918.0512
940.6317
752.4427
778.24023
809.02423
1045.1576
1043.9209
990.6679
980.5899
1066.0916
1052.2426
1085.8872
1124.4808
1015.4944
1064.8258
1114.55
1142.3187
869.23285
749.5231
1027.6345
793.6951
1007.1985
866.2513
902.1043
884.2392
856.62
905.60284
830.7848
1016.968
993.1948
1101.5961
1005.2915
1084.3156
1005.6271
1043.408
1202.1892
1023.3636
998.8539
1162.3945
1084.5001
1101.6971
923.95264
893.88086
925.53
785.9579
736.0963
761.9659
782.9876
960.6613
912.02435
768.0354
776.04865
819.5765
1054.0568
1040.4175
981.03735
987.805
1085.6476
1102.3676
1143.0687
1124.4808
991.7455
1110.7526
1070.589
1142.3185
879.7636
750.3681
1011.2001
787.112
1007.19617
851.82935
884.31995
921.7574
845.5719
906.96277
835.19434
1016.96643
1043.3528
1097.8086
1017.9669
1084.3168
993.5611
1035.8602
1202.1938
1025.456
989.4366
1153.871
1085.3665
1101.697
1018.07166
887.9551
917.7501
781.523
739.3434
767.18823
776.00256
913.0087
910.44763
769.2478
766.9543
805.2307
1061.2554
1021.7291
999.3156
987.6731
1040.0203
1053.9059
1122.4104
1124.4808
1016.191
1124.8536
1067.8644
1142.3184
949.78784
760.6641
1009.4742
785.83496
1007.187
865.4855
898.29706
895.5415
861.5587
908.407
828.968
1016.9663
1024.9182
1086.6516
1025.3185
1084.3193
1012.7043
1042.4624
1202.189
1033.0377
1008.67615
1153.8783
1085.3665
1101.7012
1019.7043
889.65656
945.9802
789.29114
733.5551
772.49817
766.2097
897.0479
913.2788
774.99005
776.9038
813.3645
1067.272
1014.3054
977.8479
1005.50275
1055.8761
1056.6996
1110.5747
1124.4816
1016.8253
1125.8116
1084.1938
1142.3185
968.3999
751.53687
1014.35913
787.1555
1007.1698
862.25183
910.4249
911.1831
955.3876
903.6255
838.51044
1016.9647
1085.4406
1067.9609
1068.5151
1084.3167
983.6722
1062.4551
1202.1907
1036.3069
952.5503
1153.8711
1085.3665
1101.6987
898.50104
929.0234
941.3702
783.54456
887.18054
761.2182
765.5719
894.78394
926.8096
765.4652
783.62524
818.02185
1052.1843
1001.4752
993.20703
1009.09534
1066.0518
1056.0929
1114.4462
1124.4818
1015.3661
1093.0594
1049.0245
1142.3197
961.68506
916.54584
1015.9167
802.1306
1007.1706
848.8836
898.73914
910.9911
850.6899
885.6221
849.24536
1016.96704
1007.2036
1083.0753
1026.2329
1084.3187
973.0201
1029.2703
1202.1893
1043.8116
978.5588
1153.871
1084.5001
1101.6976
1019.7043
904.7815
936.25555
773.9374
735.29114
763.4026
766.6576
949.8393
933.1624
768.472
774.10016
815.42426
1072.994
1042.3063
994.25916
976.7094
1054.3545
1040.5627
1107.0645
1124.4808
989.6716
1124.5339
1095.8647
1142.3186
967.99585
761.9493
1009.39465
804.8332
1007.18933
869.1841
887.2388
908.19257
955.3876
899.9842
833.0698
1016.96643
1021.1448
1087.8921
994.22266
1084.3181
959.9298
1043.3604
1202.1896
1022.0662
993.46625
1162.394
1085.3665
1101.7001
899.6639
874.54333
905.6901
783.5271
899.6772
765.07074
771.7443
881.4369
903.2846
766.0702
775.69196
809.2401
1057.04
1040.8253
993.8849
984.09784
1076.2822
1050.5869
1087.4119
1124.4808
1018.7564
1087.4191
1065.2655
1142.3184
866.9514
756.2979
1016.8693
796.1821
1007.197
866.6789
893.982
912.8701
840.9933
911.2056
836.5609
1016.9658
992.61163
1078.6647
1088.8717
1084.3167
974.7611
1027.3754
1202.1937
1022.30945
1006.26465
1162.3948
1085.3665
1101.6963
1018.07166
891.28
937.256
790.33466
734.39404
764.5247
772.57025
898.7602
943.70654
765.7048
776.1539
821.4003
1048.7566
1018.7502
1016.7606
962.0512
1062.8452
1023.4675
1096.0836
1124.4808
1000.6503
1085.5273
1041.5916
1142.3184
859.8245
927.252
1009.53094
792.99176
1007.13806
866.7626
880.7152
924.5588
853.10785
909.0876
929.33044
1016.964
1085.4406
1096.7018
1041.6213
1084.317
982.15265
1041.5542
1202.1903
1016.96985
984.78906
1162.394
1084.5001
1101.6971
