977.8714
955.91095
883.5573
669.1366
821.5244
660.45435
720.3077
845.7098
871.81903
703.1048
669.5674
741.28894
955.05774
1052.3716
921.3521
1020.01184
1073.4275
1037.3583
1101.3363
1074.8049
1040.9309
1075.7706
1072.1549
1079.9161
940.2608
831.28406
977.4143
755.82825
958.48206
921.47754
853.1427
850.056
908.17847
823.746
763.7027
968.8061
1043.6738
1061.7015
1024.7045
1032.9583
897.64343
979.8054
1146.3378
1029.478
920.69684
1107.4742
1030.4396
1047.851
977.8714
955.91095
883.1347
677.15735
826.4943
656.8019
724.6795
854.99146
874.662
684.8258
672.3759
749.2752
961.9093
1052.3707
923.34827
1020.011
1073.4279
1062.1967
1101.3363
1074.8049
1038.1079
1075.7706
1070.215
1079.8236
940.2608
830.43085
977.4143
744.0618
869.53326
921.47955
862.01465
864.5142
908.17834
823.74615
773.46954
968.80695
1043.6738
1048.5396
942.95404
1032.9542
891.0065
981.8206
1146.3306
961.29865
922.79095
1107.4729
1030.4396
1047.8499
977.8714
955.91095
882.77466
677.09094
826.49445
644.24567
720.32227
846.68243
878.9748
693.5857
667.0055
752.4131
964.0325
1052.3707
921.10925
1020.011
1073.4279
1062.1967
1101.3363
1074.8049
1038.1079
1075.7706
1070.215
1079.8236
940.2608
687.0566
973.0567
754.91284
957.5877
921.47754
860.006
865.5172
908.1783
823.74615
765.2974
968.80804
1043.6738
1048.5396
1024.7045
1032.9583
977.4661
970.30054
1146.3278
964.4646
929.7978
1107.4727
1030.4396
1047.8501
977.8714
955.9571
885.01715
675.65576
826.1341
647.36865
719.00946
854.4505
865.19684
682.1954
667.7024
747.1562
966.361
1052.3727
958.4239
1020.011
1073.4279
1062.1967
1101.3363
1074.8049
1040.9309
1075.7706
1070.215
1079.8948
940.2608
831.28406
977.4143
757.3394
957.58734
921.47754
857.1381
858.16205
908.17786
823.61957
875.6199
968.80695
1043.6738
1048.5396
1024.7046
1032.9583
890.3294
969.87616
1146.3285
965.54456
934.5994
1107.4768
1030.4396
1047.8518
977.8714
955.91095
887.77026
694.5328
826.49445
662.9742
714.6019
838.7557
865.24347
691.79456
674.643
736.02234
985.6882
1052.3717
935.5671
1020.011
1073.4275
1062.1967
1101.3363
1074.8049
1043.8752
1075.7706
1070.215
1079.957
940.2608
831.28406
977.4143
756.3543
957.5899
921.47754
855.8529
854.2593
908.178
823.746
759.78815
968.8065
1043.6738
1047.2112
1024.7046
1032.9583
904.7502
975.67126
1146.3275
1029.1428
927.93146
1107.4753
1030.4396
1047.8499
975.30133
955.91095
879.5527
666.65576
826.49445
663.0388
713.2749
859.7749
896.8387
683.585
671.4153
744.7933
996.39105
1052.3711
938.9683
1020.011
1073.4276
1036.5918
1101.3363
1074.8048
1038.1079
1075.7706
1070.2145
1079.957
941.1057
831.28406
973.0566
752.36993
957.5881
921.47766
859.4961
857.53015
908.1787
823.7462
758.11365
968.8061
1043.6738
1048.5396
1024.7058
1032.9586
887.8062
971.9297
1146.3372
962.59515
937.4063
1107.4696
1030.4396
1047.8499
977.8714
955.91095
879.84393
677.3101
826.4943
658.007
712.8049
846.7644
887.48035
684.8082
667.3192
737.13727
966.23444
1052.3713
937.99255
1020.011
1073.4309
1037.3583
1101.3363
1074.8049
1038.1079
1075.7706
1070.2147
1079.8948
940.2608
682.7308
973.05725
758.2882
957.587
921.47754
867.6723
851.62885
908.17786
823.7459
764.55914
968.80634
1043.6738
1061.7046
1024.7045
1032.9583
977.4709
989.61194
1146.3276
1028.0444
928.06445
1107.4751
1030.4396
1047.8499
977.8714
955.91095
882.3527
684.52295
826.4943
650.37915
715.4259
843.81854
884.60144
655.49384
663.9451
747.2213
1056.2494
1052.3718
925.6766
1020.01166
1073.4281
1062.1967
1101.3363
1074.8049
1040.9309
1075.7706
1070.215
1079.8948
940.2608
831.28406
973.0566
754.83344
957.5872
921.4776
860.7481
860.7102
908.1789
823.74615
757.1217
968.80536
1043.6738
1048.5396
1024.7045
1032.9583
906.7689
975.3955
1146.3279
1029.5293
953.5284
1107.4733
1030.4396
1047.85
977.8714
955.91095
872.66254
677.6202
826.49445
659.8483
727.4009
871.34534
864.3321
673.60675
666.4583
745.30347
966.072
1052.3724
935.25793
1020.011
1073.4277
1037.3583
1101.3363
1074.8049
1038.1079
1075.7706
1070.2147
1079.8236
940.2608
831.28406
973.0566
758.4634
957.58673
921.4779
851.71844
864.04376
908.17786
823.7466
768.28253
968.8052
1043.6738
1048.5396
1024.6304
1032.9583
899.32544
1036.5271
1146.3296
1029.6172
916.9244
1107.4758
1030.4396
1047.85
977.8714
955.91095
878.3615
684.296
826.49457
659.08203
719.25037
842.11926
866.28436
683.29614
656.51294
744.08264
974.59607
1052.3728
917.2536
1020.011
1073.4275
1036.5918
1101.3363
1074.8048
1040.9309
1075.7706
1070.2145
1079.8948
940.2608
831.28406
973.0566
758.16406
958.48364
921.47766
857.073
849.30383
908.17786
823.746
771.7549
968.80597
1043.6738
1061.5288
948.6703
1032.9578
903.38025
979.2951
1146.3287
1027.482
927.61273
1107.4734
1030.4396
1047.8507
