36
43


19
26
33
42


15
25
35
45
52
63
76
89
102
123
141
167
185
202
223
245
258
267
290
309
326
343
361
378
400
418
442
462
480
493
510
532
553
571
591
612
635
654
674
694
712
733
754
767
787
808
829
846
858
867
884
896
918
927
939
959
976
991


23
31
38
45
52
60
67
74
85
94
101
112
121
133
140
152
159
167
174
183
194
202
209
216
223
230
238
245
252
263
270
277
286
294
301
308
316
324
332
343
358
365
372
380
387
395
402
410
418
425
432
442
449
456
467
475
482
493
500
510
517
530
537
549
556
571
585
593
602
609
616
623
630
637
645
653
660
667
675
685
692
700
708
717
724
735
742
749
757
767
775
785
792
799
806
813
820
830
840
848
855
862
870
877
885
892
899
907
915
922
929
936
943
950
957
966
973
980
987
995


20
29
35


11
18
25
32
43
51
60
67
76
83
93
100
109
116
124
131
138
145
152
159
168
175
183
190
200
210
217
224
238
245
252
262
269
276
283
290
299
309
318
329
336
343
350
361
369
379
388
398
409
417
425
432
441
449
456
467
474
481
490
497
504
513
522
532
540
551
558
566
575
588
595
602
610
617
626
635
642
649
656
668
676
683
690
697
705
715
723
730
740
748
760
767
774
781
788
795
803
810
823
833
843
852
859
868
879
890
897
907
915
924
931
938
945
953
960
971
978
986
996


49
56
64
72
80
88
95
112
121
130
139
148
158
165
182
191
200
209
218
239
248
257
268
280
289
298
306
317
327
334
343
355
369
380
389
402
416
428
439
449
459
470
479
490
501
510
519
532
541
550
566
578
588
597
606
618
630
640
649
661
670
680
689
699
708
719
728
743
754
768
777
786
795
804
813
823
834
843
853
862
873
882
893
902
915
926
935
948
957
968
978
989
998


12
22
34
43
54
66
79
87
96
106
124
143
156
173
191
200
217
238
259
268
286
311
328
347
365
382
396
415
433
454
475
492
513
534
551
568
588
609
631
648
669
690
707
719
731
752
769
791
810
831
849
866
883
900
917
926
947
964
983
995


10
18
25
32
41
50
212
221
238
247
266
283
302
321
343
360
378
403
425
442
459
483
504
525
538
559
578
603
627
648
669
690
709
729
748
769
788
813
822
839
850
860
878
895
916
937
946
955
969
978


12
19
24
30
39
44
49
54
60
68
73
78
83
89
96
101
107
112
117
125
130
135
140
145
151
157
162
167
175
180
185
190
195
200
208
215
220
225
230
235
240
245
250
256
261
266
271
277
283
289
294
300
305
311
316
321
326
331
336
343
348
353
363
368
373
378
383
392
397
402
413
418
423
433
439
451
456
461
466
471
481
486
494
500
507
514
519
530
535
540
545
550
556
562
569
576
584
589
595
603
608
615
621
627
632
641
649
654
659
664
669
674
679
684
689
697
702
708
713
721
726
735
740
752
757
762
768
774
779
787
793
799
807
817
824
829
837
843
848
853
860
866
872
881
886
896
901
906
911
916
923
928
933
939
944
949
956
963
969
974
980
986
991
996


9
20
31
37
44
51
59
66
73
80
87
97
104
111
118
126
135
142
151
160
167
175
185
193
202
209
216
224
245
261
270
279
287
295
304
312
320
327
335
342
349
356
366
373
380
390
397
405
413
421
434
444
455
462
469
480
488
496
505
512
519
529
538
545
552
559
566
573
580
587
595
607
615
624
631
642
650
658
665
673
680
687
694
701
708
716
723
732
742
753
761
770
777
785
793
802
810
821
828
836
843
850
860
867
875
882
892
900
908
915
922
930
937
944
952
964
974
981
988
998


11
20


14
20
27
34
43
53
62
79
94
112
129
148
166
183
203
220
237
258
280
301
325
342
364
381
401
421
443
460
480
497
514
531
552
571
589
606
625
645
662
683
702
722
743
763
780
799
816
837
854
874
903
920
934
956
965
982
991


11


21
28
34
43
50
70
79
96
109
126
135
145
162
186
204
221
239
257
274
291
308
328
348
366
383
401
422
444
463
483
501
520
541
557
577
596
613
633
650
667
685
702
726
747
768
787
804
824
846
866
885
898
919
936
953
966
986


13


8
17


14
19


8


8


12
17


20


28


7
12
18


8
14


23


11
16
27


35
40
47
56
65
74
81
90
99
108
118
127
136
147
156
163
173
180
189
198
207
216
225
236
247
256
271
281
290
301
311
320
332
341
350
359
371
380
389
398
408
417
427
436
449
458
468
479
491
506
518
532
545
555
564
574
584
596
605
621
630
640
650
662
675
686
695
706
718
728
739
750
762
775
786
799
808
818
830
839
849
858
867
877
889
902
911
920
933
942
951
960
971
978
983
991


13
18


20


37
45
50
57
66
83
92
110
128
138
155
173
187
196
216
229
241
258
269
278
295
310
327
346
366
386
407
426
445
466
489
510
529
546
567
586
603
620
643
664
675
692
711
732
743
763
786
797
817
828
837
997


12
21
28
47
54
65
90
99
112
123
140
157
172
182
193
202
219
227
244
263
274
295
313
324
341
359
376
397
417
438
458
475
495
504
523
540
549
560
578
601
622
641
656
675
696
714
731
748
769
790
808
829
847
867
885
903
912
933
942
952
972
981
993


43


17
23
31


51
59
73
94
101
108
125
132
153
170
187
204
225
237
259
277
295
314
327
346
363
382
400
411
430
449
468
488
497
515
528
545
563
580
601
621
640
649
669
690
699
718
735
748
772
793
813
831
851
868
887
899
922
932
944
962
985
997


23


9


8
14


11
18
25
31
41
60
66
72
81
104
121
138
147
169
189
198
209
224
245
264
281
298
322
344
365
389
411
430
451
469
490
509
527
536
559
576
597
616
626
646
667
676
698
719
738
755
766
783
804
824
842
863
884
906
917
926
947
958
968
979


11


31


9
19
27
38
45
54
63
76
89
101
110
131
140
150
159
177
197
218
237
250
269
288
307
325
346
365
384
404
423
442
460
480
497
517
538
556
577
598
616
639
658
669
691
708
731
752
776
794
815
836
853
874
886
909
934
951
968
981
999


32


8
13
18
39
60
81
94
113
126
135
145
156
174
191
210
228
250
267
279
296
319
336
355
374
394
413
430
450
471
493
512
533
554
575
735
754
771
790
807
824
843
860
877
890
909
926
946
956
965
986


13
18
29
37
49
69
78
90
99
120
129
146
167
191
200
221
232
243
264
283
303
315
333
353
374
394
404
428
449
470
487
500
664
682
703
720
742
751
768
790
811
823
840
861
879
899
918
937
954
975
984
991


10


19
24


9


36
43


19
26
33
39


15
25
35
45
52
69
89
98
110
120
129
147
157
174
191
208
225
242
265
283
293
319
340
357
376
393
410
431
451
472
485
503
522
539
558
576
593
612
637
660
680
700
722
743
763
784
803
820
841
861
879
897
918
927
938
957
966
976
997


23
31
38
45
52
59
67
74
85
94
101
111
120
127
134
141
152
160
167
174
182
189
198
205
224
236
244
251
263
270
277
292
302
312
319
329
336
343
351
360
367
375
382
389
398
406
415
425
432
440
447
454
462
469
477
484
491
498
505
513
520
531
538
545
553
560
567
576
585
593
600
608
616
623
630
648
655
662
670
677
685
694
703
710
718
726
733
741
748
755
762
769
776
783
791
798
806
813
820
830
837
844
854
862
870
877
885
892
900
907
916
923
930
941
959
969
976
983
993


20
29


11
18
25
32
43
51
60
67
76
83
90
101
111
119
127
135
142
149
162
170
181
189
196
203
210
217
226
235
245
252
265
272
291
298
305
312
319
328
335
342
349
361
370
380
388
396
406
414
421
430
437
444
451
458
466
476
483
490
498
506
515
522
529
543
551
558
568
576
584
591
600
607
614
622
629
636
647
658
665
672
679
687
694
701
710
718
728
736
743
757
764
771
783
792
799
808
819
826
833
845
852
859
866
873
882
889
896
903
910
917
925
935
942
949
959
969
976
988
995


49
56
64
72
80
90
99
110
119
128
141
150
160
171
189
198
211
223
232
243
252
261
271
280
293
303
312
323
332
341
350
362
371
384
394
403
418
428
437
446
458
467
479
488
499
508
517
540
549
561
570
579
589
598
607
619
632
642
655
664
673
683
692
701
710
719
728
738
747
760
769
779
792
801
810
819
828
837
850
860
870
879
888
898
908
921
930
940
950
959
968
977
986
995


12
22
34
43
54
66
79
88
97
115
127
144
161
178
200
217
238
259
268
285
302
319
339
356
377
396
417
435
454
471
492
513
534
551
568
585
595
612
629
649
666
683
692
709
729
750
768
787
806
828
852
869
886
906
925
952
971
988


10
18
25
32
41
48
57
68
85
102
112
129
146
159
176
197
217
236
253
272
289
307
328
345
365
383
403
413
431
448
465
483
505
528
547
567
588
607
627
650
669
681
698
719
737
758
767
788
809
827
844
861
879
889
909
927
945
962
975
999


12
19
24
30
35
40
49
57
62
67
72
78
85
90
95
100
107
112
117
125
130
135
140
145
151
157
162
168
175
180
185
190
195
200
208
215
220
225
230
235
240
245
250
255
264
269
275
280
285
290
295
300
305
310
316
323
329
335
340
345
353
363
368
373
378
384
392
397
402
407
413
418
423
431
436
441
449
454
460
465
470
475
482
487
492
498
506
515
520
528
538
543
550
559
564
570
577
582
589
596
601
606
611
616
621
626
631
636
644
649
654
663
669
674
679
684
690
697
703
708
713
721
726
734
739
744
751
756
763
768
774
779
787
793
799
807
813
819
824
829
837
842
849
854
859
864
872
877
884
889
894
901
906
911
921
926
931
939
944
949
956
963
968
974
979
984
991
996


9
20
31
36
43
51
59
66
73
85
92
99
106
113
121
129
136
148
155
166
173
180
187
194
202
209
216
224
231
238
245
253
260
270
280
290
297
304
313
320
327
338
349
358
366
373
383
391
398
405
413
421
430
437
444
456
463
474
484
491
498
505
512
523
530
537
545
555
562
569
576
584
591
600
607
614
621
629
636
643
650
658
668
676
685
693
700
708
716
727
737
744
751
758
768
777
785
793
800
810
819
827
836
843
850
857
864
872
882
889
896
903
910
921
928
937
944
951
958
965
974
981
990
997


11
20


14
21
38
49
67
84
93
112
129
152
170
181
198
220
237
258
280
301
325
342
364
381
400
420
430
450
472
495
514
531
552
572
595
612
629
650
670
687
709
729
746
765
782
799
820
840
857
874
894
915
932
949
966
975
996


11


21
28
34
43
50
70
79
96
109
126
135
145
154
163
180
199
217
234
251
268
291
310
319
340
357
376
385
402
426
446
463
483
501
520
537
557
575
596
615
634
651
671
688
708
726
743
764
785
806
824
846
866
886
909
932
950
970
983
993


13


8
17


14


8


8


12
17


20


28


7
12
18


8


23
31
40
46
56
63
71
76
81
88
93
103
110
115
120
125
130
136
143
149
157
162
168
176
181
187
194
199
204
209
214
223
229
234
239
244
252
263
268
273
279
287
297
302
308
314
320
329
334
339
344
356
361
366
372
379
384
390
395
401
410
421
426
431
437
443
448
453
458
464
471
476
481
486
491
496
501
506
512
517
522
527
532
537
542
550
555
565
571
576
581
586
591
599
604
609
614
619
624
633
641
651
656
664
669
676
681
686
691
696
704
709
722
731
736
742
751
757
762
767
772
778
784
789
794
802
808
813
819
827
832
837
843
850
856
861
866
871
877
882
887
892
898
903
910
920
925
931
938
943
948
957
965
970
975
980
985
990


11
16
27


35
41
50
57
66
77
86
95
105
114
123
136
148
160
173
180
189
198
216
231
242
253
262
271
280
289
298
308
317
326
339
349
359
368
377
386
395
407
425
435
447
460
472
481
493
502
513
525
538
547
556
565
574
584
594
604
613
625
637
646
655
664
674
683
693
705
718
730
739
752
761
774
784
797
810
819
830
841
853
862
873
884
895
907
919
928
939
951
960
972
979
988


13
26
40
46
51
60
70
79
91
106
117
127
137
144
154
161
179
196
213
225
244
254
267
284
293
311
320
341
362
380
401
422
440
457
477
497
515
527
548
568
589
611
621
632
653
672
683
700
719
739
760
779
800
821
840
852
869
878
895
904
921
942
952
969
984
993


20


37
45
50
57
66
83
92
110
128
147
165
187
196
216
229
241
254
273
294
316
327
343
360
373
394
413
430
447
458
471
492
511
530
551
572
591
612
629
642
654
675
692
712
733
743
755
775
794
814
826
837
858
875
895
907
916
933
945
966
973
984
996


12
21
28
33
50
65
79
96
116
125
142
153
163
182
196
207
229
246
256
265
283
292
311
320
332
353
373
391
400
413
429
453
473
493
511
529
556
576
587
607
616
636
657
677
697
714
734
745
762
782
800
820
842
861
873
894
917
937
954
971
981
990
995


43


17
23
31


51
59
74
85
95
104
109
118
139
148
158
167
176
188
201
218
238
259
286
305
322
343
363
383
400
419
437
461
471
488
497
514
531
540
557
579
600
613
633
650
667
685
695
720
742
759
781
800
811
831
852
866
887
906
924
933
938
955
962
983
995


23


9


8
14


11
18
24


11


31


9
19
27
38
45
62
80
98
115
124
141
157
177
189
210
234
251
269
288
307
325
342
364
383
404
421
442
462
480
499
520
531
552
571
592
615
638
658
669
691
708
731
752
773
791
809
828
841
862
883
900
909
934
951
968
989


32


8
13
18


13
18
29
37
49
69
78
90
98
107
120
131
143
152
162
179
200
220
229
238
247
265
274
285
304
315
333
353
373
394
406
427
444
455
478
501
520
540
561
587
607
627
637
658
672
692
703
720
739
757
776
797
814
831
852
872
881
899
919
938
955
975
984
991


10


19
24


9


36
43


19
26
33
44


15
25
35
45
52
59
77
91
104
114
131
148
167
176
202
218
238
247
259
276
293
320
339
357
368
387
401
418
435
455
476
494
515
536
557
575
595
612
637
655
674
695
712
731
751
771
793
810
829
847
865
884
896
918
927
945
963
972
981
998


23
31
38
45
52
59
67
74
85
94
101
109
117
126
134
141
148
155
162
170
178
185
193
200
207
214
222
229
236
243
253
261
269
276
286
294
302
309
317
324
333
343
352
359
367
375
382
389
400
410
418
425
432
440
449
456
467
475
482
489
496
503
510
517
524
532
539
547
556
566
574
588
596
603
610
619
627
634
644
654
663
670
679
686
694
703
710
718
730
737
744
751
758
770
777
786
794
804
811
820
828
835
842
849
858
865
876
885
895
904
912
919
929
936
943
950
959
970
977
986
993


20
29


11
18
25
32
43
51
60
67
76
83
91
101
108
115
122
131
138
145
152
159
168
175
183
191
200
210
217
228
235
242
249
256
267
278
285
293
300
307
315
322
329
337
344
358
365
377
385
398
406
418
425
432
439
448
455
462
469
483
490
497
508
515
522
529
540
547
556
564
572
579
586
595
602
611
618
627
640
651
658
666
676
684
696
707
714
723
732
744
751
758
767
775
782
791
798
808
816
823
830
843
851
862
871
879
887
897
905
914
921
928
937
945
953
963
970
977
986
994


49
56
64
72
80
88
95
110
119
130
139
148
158
165
174
183
193
204
215
230
239
248
257
268
278
291
303
312
323
332
341
355
371
389
402
411
423
434
447
458
467
476
487
498
510
533
547
557
569
581
593
602
613
626
637
650
659
668
677
689
700
709
718
727
737
746
756
765
774
784
793
802
811
823
832
845
854
865
874
890
899
908
917
926
935
944
954
963
972
985
995


12
22
34
43
54
66
75
98
109
124
143
161
178
200
217
238
259
268
290
299
317
338
355
372
389
410
419
437
454
475
494
511
528
537
547
568
587
608
629
649
667
679
703
726
743
766
787
805
822
839
852
869
886
895
916
937
956
973
983
995


10
18
25
32
42
49
71
88
112
129
139
159
176
197
206
227
245
268
285
302
321
343
360
378
403
425
443
460
483
500
528
547
567
586
606
627
648
669
690
710
728
749
769
788
805
826
844
857
878
895
916
941
953
970
987
999


12
19
24
30
39
44
49
54
65
71
78
90
95
100
110
117
125
130
135
141
147
153
162
167
175
180
185
190
195
200
205
210
215
222
229
234
240
248
254
264
269
274
280
287
292
298
303
311
316
323
330
335
340
347
355
363
368
373
378
383
392
397
403
412
418
423
431
436
441
446
451
456
461
466
471
477
482
487
494
499
506
511
519
525
530
536
541
546
551
556
563
570
575
580
585
590
595
601
606
611
616
621
627
632
637
642
648
654
659
664
669
677
684
690
703
709
715
724
729
734
740
745
750
755
760
768
773
779
785
790
795
802
808
814
819
825
830
835
840
848
853
862
867
872
877
883
888
896
903
908
914
919
928
933
939
944
950
956
963
969
974
983
991
996


9
20
28
33
42
52
59
66
77
85
92
99
106
115
122
130
138
148
160
167
175
182
189
197
204
214
222
229
238
245
254
262
270
277
284
291
300
308
317
324
331
339
346
353
360
367
376
383
392
401
408
415
423
430
439
446
453
462
470
480
489
496
506
513
520
528
537
544
553
560
567
574
584
594
603
610
617
624
632
639
650
660
667
674
685
693
702
709
717
724
734
744
754
761
770
782
789
797
810
819
826
833
841
852
862
872
879
887
895
903
910
917
924
931
938
945
952
961
968
982
993


11
20


14
20
27
34
43
53
62
79
90
112
129
152
170
181
198
220
237
258
280
299
316
337
355
372
391
408
425
443
460
480
497
514
531
552
572
589
606
625
645
664
685
704
722
743
764
781
799
817
839
856
873
894
903
920
944
964
988
997


11


21
28
34
43
50
70
79
96
109
126
145
162
179
199
209
230
247
264
281
298
318
339
359
376
385
402
423
444
461
482
499
520
541
556
573
596
617
634
651
668
685
702
726
747
766
787
804
824
846
866
886
909
927
944
961
983
993


13


8
17


14


8


8


12
17


20


28


7
12
18


8
14


23


11
16
27


35
45
50
57
65
72
80
89
96
107
116
125
136
148
161
172
182
191
200
210
219
229
242
253
262
271
281
290
305
314
323
335
347
356
365
374
384
394
408
417
426
436
447
459
471
483
492
501
511
521
531
543
555
567
578
589
601
610
623
635
647
659
668
681
693
706
717
729
740
753
763
775
786
798
810
822
834
847
858
869
882
895
907
918
930
942
951
960
972
981
991


13
26
35


20


37
45
50
57
66
83
92
110
128
147
165
187
196
216
230
251
269
287
308
327
340
358
378
387
396
413
432
452
471
491
511
530
547
558
579
601
621
630
653
675
692
711
732
745
764
784
805
816
836
846
855
872
881
903
922
941
950
967
976
997


12
21
28
46
52
69
79
98
115
136
153
172
182
193
202
219
229
246
265
285
295
314
332
341
359
376
397
418
439
458
475
495
512
529
547
567
587
605
626
647
664
676
696
714
734
745
769
789
806
823
836
860
873
893
912
933
942
952
971
993


43


17
23
31


51
59
74
88
102
109
118
132
153
171
188
201
219
237
259
272
296
308
328
346
363
382
400
412
425
446
466
488
500
521
539
556
568
731
740
749
759
780
787
804
823
844
854
871
888
906
924
933
938
955
966
985
997


23


9


8
26


11
18
24


11


31


9
19
27
38
45
62
80
98
118
130
151
169
189
210
231
251
270
288
307
325
342
364
382
400
420
431
452
473
494
514
533
554
573
593
614
624
638
658
667
684
702
717
738
755
776
796
816
834
853
874
885
909
934
951
968
987


32


8
13
18


13
18
29
37
49
69
78
91
98
107
115
131
143
152
162
179
200
220
229
246
264
283
303
312
328
345
367
377
394
404
428
449
470
487
500
520
540
561
586
607
627
637
657
674
694
711
731
748
765
782
803
823
840
861
880
899
918
937
954
975
995


10


19
24


9


36
43


19
26
33
39
49
60
67
76
89
106
115
135
156
173
190
207
221
242
263
282
299
316
335
352
373
392
413
430
447
468
488
509
526
546
565
574
595
615
636
655
676
695
715
734
754
773
791
810
827
846
863
883
900
918
935
953
974
983
992


15
25
35
45
52
59
76
89
98
110
120
129
147
157
174
202
224
234
258
267
284
301
320
340
357
369
388
401
422
443
461
480
492
509
532
558
579
603
623
645
665
688
699
716
733
754
767
787
808
829
847
860
879
896
918
927
940
951
970
981
998


23
31
38
45
52
60
70
79
86
95
102
111
121
132
139
152
160
170
177
184
191
209
220
227
236
243
251
262
269
276
283
290
298
306
313
320
335
343
353
363
372
380
388
395
402
410
425
432
442
449
461
468
475
482
490
497
506
521
529
537
547
554
561
571
582
590
598
608
615
623
630
637
645
653
663
670
678
685
694
703
710
718
727
736
744
752
759
766
773
781
788
798
805
813
823
835
842
849
857
865
872
879
886
895
903
916
923
930
937
944
951
959
966
974
981
988
996


20
29


11
18
25
32
43
51
60
67
76
83
93
100
108
115
122
131
138
145
152
159
168
175
183
190
200
208
215
222
229
240
247
255
263
270
283
294
301
308
316
323
330
339
348
356
363
371
380
387
394
407
414
425
432
442
455
463
470
478
485
492
499
506
513
522
530
537
544
551
559
566
573
580
587
594
601
608
617
624
632
640
649
656
663
671
679
688
696
709
716
731
742
749
758
766
775
782
789
798
805
812
823
830
844
851
858
865
872
886
893
900
909
918
926
936
943
950
957
964
973
980
987
994


49
56
64
72
80
89
101
110
119
128
137
148
159
168
177
188
197
206
215
224
235
244
253
261
271
280
291
303
318
327
336
345
354
363
376
391
402
421
434
444
453
462
472
482
491
501
510
520
529
538
547
559
569
578
588
598
607
616
625
635
644
655
664
673
682
692
704
713
724
734
745
755
764
773
782
791
800
810
819
830
839
848
857
866
875
887
897
906
915
924
940
950
959
968
979
989
998


12
22
34
43
54
66
78
86
96
115
127
144
161
178
200
217
238
259
268
285
311
328
346
365
382
399
410
427
436
454
471
490
514
524
541
558
575
599
611
632
649
666
683
703
725
746
765
782
799
820
839
860
869
886
906
926
952
971
988


10
18
25
32
41
50
69
86
108
125
146
160
177
197
217
238
255
276
297
318
335
352
373
382
403
424
443
460
481
499
516
537
557
576
602
623
643
661
680
700
723
750
768
789
807
825
834
851
868
891
909
926
943
962
975
992
997


12
19
24
30
39
44
49
54
60
68
73
78
83
89
96
101
112
117
122
127
134
141
147
154
159
164
169
177
182
189
194
199
204
212
221
229
236
241
250
256
264
269
275
280
292
297
302
307
312
318
323
330
335
340
345
352
357
365
370
378
383
392
397
402
409
414
419
424
431
436
444
451
456
461
466
471
476
481
489
494
500
508
513
519
529
535
542
550
555
563
569
575
580
587
593
601
606
613
621
626
635
641
649
654
659
664
676
683
690
701
709
714
723
728
739
744
750
755
760
766
773
778
788
793
801
808
814
819
824
829
834
846
851
860
865
877
883
892
897
902
907
913
918
925
931
939
944
949
956
963
968
974
979
984
991
996


9
20
31
37
44
51
59
66
73
80
87
97
104
111
118
126
135
142
151
160
167
175
185
193
202
209
216
223
243
250
257
274
281
288
295
302
309
317
328
335
342
353
360
367
375
382
389
396
405
413
421
428
435
446
453
460
469
476
484
493
502
511
518
525
535
543
550
561
568
576
583
599
607
614
621
629
637
650
658
666
677
685
693
701
708
718
727
735
745
752
762
772
782
791
798
805
812
819
827
835
842
850
857
864
871
878
886
897
906
915
922
929
939
950
957
966
974
986
993


11
20


14
20
27
34


11


21
32
42
53
61
72
79
96
109
126
135
145
162
186
204
221
239
257
276
293
310
319
340
360
377
397
414
431
452
469
486
503
520
537
557
577
596
617
634
651
671
688
708
727
744
766
787
804
823
846
866
885
898
919
936
957
977
994


13
20
25
30
38
56
68
78
87
104
121
128
139
158
177
198
219
237
256
278
295
313
333
350
367
384
404
425
448
468
486
517
534
555
575
594
613
630
647
665
683
700
717
737
755
772
789
806
824
845
862
879
900
919
940
962
971
989


8
17


14


8


8


12
17


20


28


7
12
18


8


23
31
40
46
54
63
68
74
79
88
93
101
106
111
116
124
129
134
145
150
157
162
169
176
181
187
194
199
204
209
214
223
229
235
243
255
261
271
276
283
288
293
298
303
308
315
323
328
335
340
345
351
356
362
367
373
378
384
392
398
405
410
417
422
427
432
437
443
450
457
465
471
476
483
488
496
505
512
521
530
535
541
546
553
561
567
572
578
584
589
594
599
606
613
618
626
631
636
644
651
656
662
667
675
680
686
691
696
701
706
711
718
723
728
733
739
744
749
756
761
766
775
780
785
791
801
806
812
820
825
830
837
842
847
853
859
864
870
880
886
892
897
906
911
916
922
927
932
937
942
948
953
959
966
971
979
984
996


11
16
27


35
40
47
56
65
74
81
95
107
116
125
136
148
163
173
180
189
198
207
216
225
236
247
256
274
284
295
304
313
322
331
340
349
362
371
387
396
408
417
426
435
447
457
466
476
485
494
506
518
527
536
545
554
563
572
581
591
603
612
625
637
650
659
669
680
690
701
713
724
737
750
762
774
786
798
810
820
833
842
855
864
874
883
899
908
918
928
935
944
957
966
975
982
991


13
26
35


20


37
45
50
57
66
83
92
110
128
147
165
187
199
216
230
251
263
282
299
317
334
352
369
386
407
426
445
466
490
510
521
538
549
569
586
603
621
630
653
675
692
709
729
741
762
779
797
814
827
846
855
872
886
904
924
933
945
966
974
984
997


12
21
28
46
52
69
79
96
112
119
138
149
170
190
207
216
237
257
267
280
301
319
336
345
354
373
391
400
413
429
453
473
494
511
530
549
561
579
601
622
641
656
675
696
714
731
748
769
789
806
823
835
847
860
873
894
920
938
956
965
974
981
993


43


17
23
28


51
59
74
81
90
102
109
118
139
148
158
167
179
196
205
225
237
400
417
435
456
474
491
508
528
545
562
581
602
621
640
651
672
690
708
725
748
767
784
795
812
831
849
868
888
906
924
932
945
957
966
988


23


9


8
14


11
18
24


11


31


9
19
27
38
45
54
61
70
80
91
108
125
142
159
177
197
214
224
234
251
269
288
307
327
347
364
383
404
421
442
462
480
497
517
538
556
577
597
616
639
658
667
691
708
726
747
766
786
804
822
831
848
865
886
909
934
951
968
988


32


8
13
18
39
60
79
88
101
113
126
135
145
156
174
183
201
222
239
258
279
296
308
331
352
373
394
412
425
439
458
479
498
517
536
556
576
593
613
630
647
664
677
694
712
733
754
771
790
807
828
849
861
875
894
911
928
946
956
973
980
986


13
18
29
37
49
69
78
90
99
120
129
146
168
177
194
211
221
232
243
264
283
304
316
328
345
367
377
540
561
586
607
627
644
665
682
703
720
739
757
776
793
812
831
852
872
882
899
918
937
954
975
995


10


19
24


9


36
43


19
26
33
42


15
25
35
45
52
63
76
89
103
120
127
136
147
157
174
191
208
225
234
259
276
293
321
340
357
376
400
418
435
456
477
497
515
535
557
570
590
612
637
655
675
694
712
730
748
772
793
810
829
846
858
877
896
918
939
959
976
997


23
31
38
45
52
60
70
79
86
95
102
115
122
129
140
152
160
170
177
185
193
200
207
220
227
234
243
250
258
265
276
284
291
298
308
315
323
333
342
349
361
369
376
384
395
402
409
416
423
430
437
445
454
461
468
476
483
496
509
516
523
532
541
548
556
566
575
582
591
598
606
613
621
628
635
642
649
656
667
675
682
689
700
710
718
730
737
744
751
759
767
775
784
791
798
805
812
823
830
837
844
856
864
871
878
885
892
903
910
918
925
933
942
950
957
968
976
984
993


20
29


11
18
25
32
43
51
60
67
76
83
93
100
108
115
122
129
136
143
153
160
170
178
187
195
203
210
218
227
235
242
249
256
268
278
285
292
299
309
318
328
335
342
351
358
368
375
385
392
400
408
416
423
436
443
450
457
465
473
480
487
494
502
509
516
523
530
540
547
557
564
572
579
587
594
601
611
618
627
635
642
649
656
664
671
678
692
702
710
723
730
740
750
757
768
775
782
789
798
805
813
822
829
836
843
850
859
866
873
880
887
896
903
911
918
925
935
946
953
963
970
978
988
995


49
56
64
72
80
88
96
104
111
119
126
135
144
155
165
173
182
189
198
211
220
231
243
251
260
269
278
287
298
306
317
327
335
344
355
364
375
386
395
404
417
427
436
447
459
469
482
496
505
516
530
539
548
557
568
580
589
598
607
617
630
640
650
660
669
680
690
699
708
719
731
750
759
768
777
789
798
808
820
829
839
849
860
870
882
893
903
912
926
938
950
959
968
977
989
999


12
22
34
43
54
66
79
88
100
109
122
143
161
172
189
200
217
238
259
268
285
311
328
346
365
382
395
414
431
449
467
487
508
526
535
552
567
588
605
625
642
663
682
699
709
730
751
772
792
810
831
850
870
887
900
921
939
952
971
980
995


10
18
25
32
41
48
57
68
77
97
121
130
147
154
163
327
345
365
386
403
424
443
460
481
505
526
543
564
576
602
619
640
660
681
698
720
743
760
778
799
820
839
857
878
895
917
941
953
970
987


12
19
24
30
35
44
49
54
65
71
76
85
90
96
101
107
112
117
125
130
135
140
147
152
161
170
177
182
191
197
204
213
220
225
230
238
243
248
254
262
267
272
277
282
292
300
305
310
316
321
329
335
340
345
350
355
363
368
373
378
383
388
395
400
405
412
417
423
434
441
446
451
456
461
466
471
476
481
486
491
496
501
509
519
524
530
535
540
545
554
559
564
569
576
582
587
593
598
603
608
615
620
627
634
642
647
654
659
664
671
676
683
689
697
702
708
714
721
726
732
738
744
752
759
764
769
774
779
788
793
799
804
811
816
823
829
835
842
847
852
861
867
877
883
888
893
901
906
911
919
924
930
938
944
950
956
963
969
979
984
991
996


9
20
32
42
49
57
64
71
78
85
92
99
109
116
123
131
138
146
154
161
168
175
185
193
203
210
217
227
238
245
253
262
269
282
290
297
304
311
318
325
332
339
347
357
365
372
390
399
406
413
421
428
435
446
453
462
473
482
493
501
511
518
525
533
540
548
556
564
571
578
585
594
601
609
616
627
637
644
651
658
667
677
685
692
702
711
722
729
736
743
750
759
766
773
782
791
798
805
812
819
827
836
844
853
860
867
878
885
892
900
907
915
926
935
942
950
958
965
975
982
992
999


11
20
33
39
48
58
69
78
87
99
112
123
133
152
169
187
196
205
223
232
241
258
267
276
293
303
323
340
358
367
386
404
413
422
431
448
458
470
488
497
506
525
534
544
561
570
588
608
625
635
652
672
689
698
718
727
744
753
770
791
812
829
848
860
874
883
892
901
923
937
946
968
977
994


14
21
38
49
67
84
94
112
129
152
170
181
198
222
239
260
280
301
325
342
364
381
400
421
443
460
480
497
514
538
555
572
595
614
635
655
673
695
713
732
753
773
791
812
829
850
867
884
903
920
934
956
965
975
992


11


21
28
34
43
50
70
79
96
103
112
124
133
154
162
179
199
216
234
251
268
291
308
328
348
366
383
404
426
445
454
475
486
503
520
537
547
556
573
596
617
634
651
671
688
708
729
748
766
787
804
823
840
857
877
898
919
936
953
966
986


13


8
17


14
19


8


8


12
17


20


28


7
12
18


8
14


23


11
16
27


35
45
50
56
65
74
83
93
105
114
123
134
143
155
163
172
181
193
202
211
223
234
243
255
265
276
288
301
310
321
330
341
351
362
371
384
397
407
417
427
436
449
459
471
483
493
502
512
524
533
542
551
560
570
579
595
604
613
628
638
647
659
669
681
690
699
708
718
727
736
745
755
766
777
787
796
806
815
830
839
850
860
870
881
888
897
908
918
927
936
941
951
963
973
982
987
993


13
18


20


37
45
51
57
68
75


12
21
28
46
52
69
79
96
106
123
140
157
170
182
193
202
219
226
239
258
267
281
301
319
336
345
354
372
383
392
413
426
435
453
473
493
512
532
555
576
599
617
636
657
677
696
714
735
753
772
782
799
820
842
861
873
892
912
921
937
954
971
981
990
995


43


17
23
31


51
59
70
81
90
108
117
132
153
173
193
210
227
236
245
262
283
300
319
336
346
363
382
400
412
427
447
467
480
491
500
521
539
551
570
589
610
622
640
649
667
685
695
719
739
757
774
794
803
820
832
846
856
877
888
906
923
932
944
965
988


23


9


8
26


11
18
24


11


31


9
19
27
38
45
54
63
72
81
101
110
130
151
169
189
210
234
251
269
288
307
324
342
364
383
404
421
442
462
480
499
520
531
552
571
592
611
628
653
674
691
717
738
755
775
796
816
836
859
876
887
909
934
952
971
991


32


8
13
18


13
18
29
37
49
69
78
90
101
107
116
133
150
168
177
194
211
232
243
264
273
292
303
312
328
345
367
376
394
406
427
444
456
478
501
521
542
559
576
597
616
637
657
674
694
711
731
748
767
788
808
825
846
863
880
899
918
937
954
975
995


10


19
24


9


36
43


19
26
33
42
53
65
75
90
111
124
135
156
173
190
208
230
247
258
269
289
299
316
333
345
366
383
401
418
436
454
473
494
515
539
557
572
591
610
631
650
667
684
701
722
741
754
772
790
811
828
846
863
883
900
917
935
952
964
974
986
995


15
25
35
45
52
63
75
97
114
131
148
167
184
202
224
234
258
277
298
320
339
358
375
393
412
425
442
463
484
505
526
544
558
581
603
622
639
659
680
700
717
737
748
772
792
813
830
847
865
884
896
918
927
939
959
976
992


23
31
38
45
52
59
67
74
85
94
101
111
120
127
134
141
152
160
167
174
182
189
198
205
226
235
242
251
263
271
278
286
293
301
310
321
329
336
343
350
357
368
375
382
389
398
405
413
424
433
440
447
454
461
469
478
485
492
501
508
515
523
531
538
545
553
563
571
578
585
592
599
606
613
621
628
635
645
655
662
673
687
694
702
710
724
735
742
752
759
766
777
784
791
800
807
814
821
828
835
842
849
856
865
875
885
895
903
910
918
925
932
943
954
962
969
976
984
991
998


20
29


11
18
25
32
43
51
60
67
76
83
93
100
108
115
122
131
138
145
152
159
168
175
183
191
200
210
217
235
245
252
259
266
283
290
297
304
311
318
329
339
346
353
360
368
377
385
394
407
414
425
432
440
449
456
463
470
478
487
494
502
509
518
525
532
539
546
554
564
572
579
587
597
611
618
627
638
646
653
660
669
676
683
690
697
705
712
719
730
737
744
752
762
769
776
784
792
799
810
822
830
837
844
852
859
866
873
880
887
897
905
912
919
926
937
945
953
960
968
978
988
995


49
56
61
69
74
90
97
105
114
123
139
149
158
167
177
189
198
207
216
226
238
248
258
268
280
289
298
306
318
328
339
348
357
366
376
389
402
411
420
429
439
448
457
466
476
485
494
503
512
521
539
548
561
570
586
595
604
613
625
637
646
655
665
677
688
698
707
716
725
734
743
753
765
777
786
795
804
813
825
834
844
853
862
871
880
891
900
909
918
932
941
950
959
968
977
986
995


12
22
34
43


10
18
25
32
41
50
212
221
238
247
265
283
302
321
343
360
378
398
416
437
459
483
500
521
539
548
567
588
607
627
648
669
680
698
719
736
761
782
791
809
826
850
863
880
889
909
922
941
961
978
995


12
19
24
30
39
44
49
54
60
66
71
78
83
88
96
101
107
112
117
125
130
135
141
146
151
156
162
168
175
180
185
198
203
208
213
218
223
229
235
240
245
250
256
261
266
272
277
283
289
294
299
304
310
316
323
330
335
343
353
363
368
373
378
383
392
397
403
409
415
423
428
434
439
446
451
456
461
466
471
481
486
494
500
507
516
521
529
534
542
550
556
562
569
577
585
590
595
601
606
613
619
627
632
637
642
649
654
659
664
669
674
679
684
689
697
702
708
713
721
726
732
737
743
751
756
763
768
777
785
790
795
801
807
813
818
824
829
835
840
845
851
861
866
872
877
886
892
897
902
907
914
925
930
935
940
945
950
956
963
968
973
979
984
989
996


9
20
31
38
45
52
59
66
73
80
87
97
104
111
118
125
136
150
157
166
175
182
189
197
204
211
218
227
238
249
257
264
272
279
290
297
308
317
329
337
344
352
361
368
375
382
390
400
410
417
428
435
444
452
459
467
474
484
494
503
511
518
528
535
543
550
557
565
572
580
587
595
602
609
616
623
630
637
647
658
665
674
687
694
702
709
718
727
734
741
749
756
764
773
780
787
797
805
812
821
828
836
843
850
857
864
871
880
887
894
901
911
918
925
933
940
949
958
965
978
985
998


11
20
29
36
44
53
60
77
92
101
112
123
132
141
150
160
169
192
209
218
235
246
263
272
282
292
311
330
349
358
367
384
401
422
431
450
471
480
490
499
508
526
535
552
569
588
608
625
634
643
652
674
691
711
729
739
748
765
774
791
808
825
846
863
880
901
922
932
947
956
969
988
997


14
20
27
34
43
53
62
79
91
112
130
143
156
177
186
195
216
237
258
280
299
309
327
345
365
382
402
420
443
463
480
497
514
531
552
572
589
606
625
645
664
683
702
722
743
764
781
799
816
837
854
874
903
920
932
949
961
978
996


11


21
28
34
43
50
70
79
96
109
126
135
145
154
161
178
199
216
234
251
264
281
298
318
339
359
376
385
402
423
444
463
483
502
520
537
547
567
588
748
766
787
804
824
846
864
885
909
927
944
961
983
993


13


8
17


14


8


8


12
17


20


28


7
12
18


8


23


11
16
27


35
45
50
57
65
74
81
93
100
110
120
129
138
148
159
174
184
195
205
214
223
234
243
255
264
275
287
296
305
314
323
332
344
353
362
371
382
396
407
417
426
435
445
457
466
475
484
495
507
518
530
539
550
563
574
583
592
602
614
626
639
652
661
674
684
693
706
718
729
741
753
763
772
783
795
808
818
829
842
852
864
873
886
897
907
916
932
942
951
960
969
980
987
996


13
18


20


37
45
50
57
66
83
92
111
128
138
155
173
187
196
216
229
240
257
276
295
316
324
333
342
362
385
407
427
445
466
487
504
513
534
551
569
584
603
624
648
666
677
697
717
738
749
769
787
804
814
827
846
855
872
885
896
916
927
936
950
967
976
985
997


12
21
28
47
65
79
99
112
121
138
154
174
193
202
219
229
246
258
267
280
300
319
336
345
358
379
391
400
413
429
446
466
485
503
523
540
557
578
599
617
636
657
677
696
714
731
752
772
781
800
812
829
847
867
887
900
920
938
955
972
981
993


43


17
23
31


51
57
64
74
81
90
109
118
139
148
164
181
188
197
210
227
244
258
275
296
314
327
346
363
382
400
412
425
446
467
476
496
507
516
538
556
567
579
601
621
640
649
669
680
690
708
729
748
766
783
794
803
820
831
851
863
880
899
922
932
944
953
962
979


23


9


8
26


11
18
31
37
47
64
74
86
95
104
121
138
147
169
189
198
209
224
245
264
281
303
322
343
360
370
379
398
415
432
451
469
490
509
527
544
561
571
592
611
631
651
668
689
710
729
746
766
783
804
824
842
863
884
901
919
941
962
983


11


31


9
19
27
38
45
62
72
81
103
115
124
141
151
169
189
210
227
251
268
286
307
327
347
364
384
404
421
442
462
481
502
522
539
560
571
592
616
639
658
667
684
704
723
746
765
786
806
823
843
864
885
906
916
935
952
971
988


32


8
13
18


13
18
29
37
49
69
78
91
96
115
131
143
152
162
179
200
217
234
252
264
283
304
316
328
345
367
377
394
407
428
449
470
487
500
660
681
702
722
885
902
919
931
944
953
974
991


10


19
24


9


36
43


19
26
33
42
53
65
75
88
105
114
135
156
173
190
207
230
247
263
283
304
324
341
363
383
401
418
436
455
478
498
507
524
545
564
584
604
625
646
660
680
701
722
743
760
777
795
816
836
862
882
899
918
935
953
974
983
992


15
25
35
45
52
63
77
90
110
119
136
154
171
201
210
224
234
251
260
277
295
319
339
358
376
393
411
430
451
471
488
508
527
544
561
582
603
623
644
665
688
709
730
748
770
792
813
830
847
858
879
897
918
938
959
976
997


23
31
38
45
52
59
67
74
85
94
101
108
127
135
142
156
163
170
177
184
191
204
215
223
230
237
245
252
259
269
276
283
292
299
306
314
323
336
345
354
361
368
375
382
391
398
405
413
423
431
440
447
454
461
469
480
487
498
506
513
520
530
539
548
556
565
574
585
592
599
606
614
622
634
641
648
656
664
671
678
685
692
700
708
715
722
730
737
745
752
759
766
775
783
790
797
804
811
818
825
832
839
846
854
861
870
877
885
892
900
907
916
923
930
938
947
956
963
970
977
989
996


20
29


11
18
25
32
43
51
59
67
76
83
93
100
108
115
122
131
141
151
158
166
173
180
187
194
203
210
217
224
240
247
254
261
271
278
286
295
302
313
323
330
340
348
359
366
373
380
387
394
402
409
418
425
432
444
454
461
468
482
489
501
508
515
522
529
541
554
563
570
577
584
596
603
613
621
628
635
646
653
664
671
679
687
694
706
713
720
727
734
743
750
757
767
776
787
794
802
810
817
828
839
846
855
862
871
878
886
896
903
910
918
925
936
943
954
961
968
975
986
994


49
56
64
72
79
90
97
104
115
126
136
149
160
171
182
191
200
210
219
228
237
246
255
267
278
294
303
312
324
333
344
363
376
390
407
417
426
435
446
459
470
479
489
498
515
524
533
549
561
571
581
590
599
611
622
631
640
649
658
677
686
698
707
716
725
734
744
753
762
774
785
794
804
813
822
831
840
851
860
871
880
892
901
912
921
930
939
948
957
971
980
994


12
22
34
43
54
66
79
86
96
107
116
127
142
153
173
191
200
217
238
259
268
285
311
328
346
364
382
391
400
410
427
449
467
496
513
535
552
573
590
611
632
649
667
684
703
725
746
765
786
805
820
837
854
871
884
901
918
935
952
971
980


10
18
25
31
42
54
72
83
92
101
112
130
147
159
176
197
217
234
253
270
279
297
315
332
352
369
378
403
424
443
460
483
504
529
548
567
589
606
627
648
669
699
709
728
750
767
788
807
825
987


12
19
24
30
35
44
49
54
60
66
71
78
90
95
107
112
117
124
129
143
148
153
159
164
170
175
180
185
194
199
204
209
215
222
227
233
238
243
248
255
263
269
274
280
287
292
297
302
307
313
318
323
329
334
339
344
350
355
363
368
373
379
384
392
397
402
409
414
419
424
431
436
442
447
453
461
466
471
481
489
494
501
506
511
517
522
531
536
542
549
554
559
564
570
576
581
587
593
598
604
610
618
625
630
635
641
646
652
657
664
673
683
689
694
701
707
714
721
726
732
737
744
750
755
760
766
777
782
790
796
801
808
815
825
831
837
846
854
860
865
870
877
883
891
896
901
906
912
925
933
939
944
949
958
963
969
974
979
984
991
996


9
20
31
37
44
51
59
66
73
85
92
99
106
115
122
129
136
147
154
161
168
175
185
195
202
209
216
227
236
245
253
269
276
283
290
297
304
311
318
326
335
342
355
362
369
376
387
395
402
410
423
430
437
448
459
479
486
493
503
511
518
526
533
540
547
555
569
576
584
594
601
609
616
624
631
638
650
658
665
674
681
688
696
703
714
721
728
735
742
751
758
766
776
783
790
797
805
812
819
827
836
843
857
864
872
879
886
894
901
911
920
927
936
943
950
958
965
974
987
994


11
20
29
36
44
51
60
70
92
102
116
133
152
161
172
181
198
217
226
235
245
256
265
276
285
302
321
338
358
367
384
394
412
436
445
465
478
496
509
526
535
553
572
583
600
617
634
643
660
669
686
700
717
726
745
762
782
791
809
822
839
848
865
883
902
922
935
956
966
987
994


14
21
38
49
56
67
84
101
112
129
152
170
179
189
210
227
237
258
280
301
324
341
358
378
399
419
436
456
473
490
508
525
542
561
583
601
624
645
663
680
697
718
743
763
780
799
820
840
865
883
903
920
929
946
964
988
997


11


21
28
34
43
50
70
79
96
109
126
135
145
154
163
180
189
209
231
248
267
284
303
320
340
359
376
385
405
426
445
454
472
489
508
525
542
567
587
608
625
646
665
685
702
727
744
766
787
804
824
841
858
877
898
919
936
945
964
973
993


13
20
25
30
36
56
68
79
88
97
104
121
130
139
158
177
198
219
237
256
276
293
310
328
339
360
383
403
425
453
470
487
519
538
556
575
594
613
635
655
676
693
714
732
750
769
792
810
827
845
862
879
903
920
940
957
975
995


8
17


14
19


8


8


12
17


20


28


7
12
18


8
14


23


11
16
27


35
40
47
56
68
77
86
93
102
111
124
133
142
151
163
173
182
198
207
216
225
242
251
264
274
287
296
305
315
324
335
353
362
373
382
391
400
410
420
430
440
449
459
468
477
488
499
508
518
527
536
545
556
565
574
585
598
607
616
629
638
647
656
667
677
686
696
705
716
728
737
746
757
774
783
792
801
814
823
836
846
855
864
874
885
895
905
914
926
935
944
955
961
970
981
991


13
18


20


37
45
50
57
66
83
92
111
124
141
160
178
195
205
222
231
241
258
270
291
305
326
343
360
371
384
405
425
445
466
485
504
521
538
550
569
586
605
625
644
654
675
692
709
730
749
769
787
808
827
846
855
872
889
910
923
944
966
973
984
997


12
21
28
37
47
54
61
68
90
99
112
122
139
156
173
191
200
227
239
258
267
280
301
319
338
358
378
400
417
438
458
475
495
512
529
549
568
578
599
616
636
657
677
696
714
735
753
772
782
800
820
842
861
873
893
914
925
947
965
974
993


43


17
23
31


51
59
74
90
100
117
132
142
153
170
187
204
221
242
251
261
283
304
325
346
364
381
400
417
437
456
476
488
500
521
540
561
580
601
621
640
649
668
685
695
720
743
760
780
800
813
831
851
864
885
906
924
933
938
961
973
982
991


23


9


8
14


11
18
25
31
37
47
64
81
98
109
120
138
147
169
178
196
215
224
244
264
281
298
321
344
364
385
406
426
443
461
481
501
523
543
560
580
601
625
645
666
687
705
716
738
755
766
783
804
824
842
863
884
901
923
944
962
974
991


11


31


9
19
27
38
45
54
63
72
81
101
110
131
142
159
177
197
218
237
256
276
296
316
333
354
375
394
414
435
452
473
494
514
533
554
576
597
616
638
658
667
684
701
718
731
752
773
791
809
828
842
864
882
899
916
934
951
971
988


32


8
13
18


13
18
29
37
49
69
78
85
93
114
127
144
162
179
200
221
232
243
264
283
304
313
333
353
370
388
407
428
449
470
487
500
664
681
702
722
885
902
919
932
945
962
979
997


10


19
24


9


36
43


19
26
33
39
49
59
71
80
97
104
114
124
144
156
173
190
208
230
247
261
270
289
306
324
341
352
373
392
413
430
447
464
477
498
507
524
544
563
580
600
620
640
661
681
701
722
743
760
772
791
810
830
847
861
873
894
912
921
949
969
978
995


15
25
35
45
52
69
79
89
98
110
120
129
147
157
174
201
224
241
265
283
300
309
320
340
357
375
393
411
429
450
472
481
502
521
538
558
579
603
623
646
666
688
699
716
730
748
774
794
811
830
839
860
879
896
918
940
949
966
976
995


23
31
38
45
52
59
67
74
85
94
101
109
117
129
136
145
155
162
170
177
184
192
200
207
214
224
235
244
251
259
266
276
286
294
301
308
316
324
332
340
347
354
361
368
375
383
395
403
410
417
424
433
440
447
454
462
469
476
484
491
499
507
515
522
529
536
543
550
557
566
574
585
593
601
608
615
622
640
650
663
670
677
684
691
700
709
720
727
735
743
751
758
775
784
791
798
806
813
820
829
836
843
857
865
877
885
892
900
907
916
923
930
937
944
951
959
966
973
981
993


20
29


11
18
25
32
43
55
62
69
80
88
95
102
112
119
126
133
140
147
154
161
168
175
186
193
202
209
216
223
230
237
245
252
260
268
278
285
292
312
331
339
346
356
363
370
378
385
394
401
408
418
426
433
444
451
458
465
473
482
489
498
506
515
522
530
537
544
551
558
565
573
580
587
595
602
612
622
630
637
651
658
666
674
684
692
699
709
716
724
732
739
746
760
767
774
781
788
795
803
810
817
824
831
843
851
858
865
872
884
893
900
907
914
921
928
939
947
961
968
978
985
993


49
56
64
72
79
88
101
110
119
130
139
148
158
165
174
183
193
204
214
223
239
248
257
267
278
291
303
312
323
333
350
360
369
379
389
407
417
428
437
449
461
470
482
491
500
511
520
531
540
552
561
570
586
595
613
622
631
640
650
660
669
680
690
699
708
717
726
735
748
757
771
780
791
800
809
820
829
839
851
860
870
879
888
897
910
923
932
945
954
963
975
984
994


12
22
34
43
54
66
81
90
100
109
127
144
153
172
191
201
215
232
249
266
283
302
311
328
347
365
382
395
416
435
454
472
496
515
534
551
572
585
602
622
639
656
665
682
703
725
742
752
769
787
806
828
846
864
884
901
918
939
952
971
988


10
18
25
32
41
50
212
221
241
258
267
284
302
321
343
360
378
403
425
443
460
483
505
526
547
709
728
758
779
801
822
844
861
878
895
916
937
946
955
969
987


12
19
24
30
39
44
49
54
63
71
78
83
88
94
99
104
110
118
123
130
141
147
157
162
167
175
180
185
190
199
204
210
215
220
225
230
240
247
254
261
266
275
280
285
290
295
301
306
311
318
323
329
335
343
348
353
358
363
368
373
378
383
392
397
403
409
414
419
424
431
436
447
454
461
466
471
485
490
495
500
506
511
516
522
527
532
537
542
547
552
557
562
569
574
579
584
589
596
601
606
611
616
622
627
634
641
646
654
664
669
676
684
689
694
699
704
709
715
721
727
732
737
742
747
754
759
764
769
777
782
789
796
804
809
815
820
825
831
838
843
848
853
862
870
877
883
888
894
901
906
913
918
933
941
955
960
965
970
975
980
985
991
996


9
20
31
36
43
51
59
66
73
80
87
95
104
111
118
129
136
147
154
161
180
188
195
204
211
219
227
236
243
250
259
268
275
282
290
297
304
311
318
325
335
343
350
358
366
376
383
390
400
408
415
424
435
445
452
463
470
477
484
491
498
506
515
523
531
538
545
552
564
571
580
587
594
601
609
616
624
632
640
650
658
669
676
687
696
707
714
721
728
735
743
750
757
764
771
778
785
793
802
810
817
824
831
841
848
855
864
875
882
889
897
906
915
922
929
938
945
952
962
971
983
992
999


11
20


14
21
38
49
67
84
94
112
129
152
170
181
203
220
237
258
280
301
325
342
365
382
399
421
442
462
487
508
529
552
571
590
610
630
650
670
690
710
731
751
773
791
812
829
850
872
894
918
935
952
964
988
997


11


21
28
34
43
50
70
79
96
109
126
135
154
163
180
199
217
234
251
268
281
298
318
339
359
376
397
406
426
445
463
486
503
520
537
547
557
575
596
614
633
650
667
685
702
726
747
766
787
804
824
846
866
886
909
932
952
970
983
993


13


8
17


14


8


8


12
17


20


28


7
12
18


8
14


23
31
40
45
54
59
64
69
74
79
88
96
101
106
114
119
125
130
137
149
157
162
169
177
182
187
194
199
204
209
214
223
229
235
244
252
257
263
268
273
279
285
300
305
315
321
326
331
336
342
348
353
361
367
372
377
384
393
400
405
410
418
423
431
436
445
450
458
464
471
476
485
490
496
501
506
512
517
522
527
532
537
542
547
552
557
566
572
577
582
587
592
601
606
613
618
623
628
637
642
648
656
661
667
672
677
682
688
693
699
704
712
718
723
728
734
739
744
749
754
762
767
775
780
786
791
796
805
811
820
827
832
837
843
848
853
859
864
871
877
882
887
893
898
905
911
916
922
927
932
939
944
949
958
964
969
975
980
985
994


11
16
27


35
40
47
56
65
74
81
93
102
111
124
136
148
162
171
180
189
198
207
216
225
235
247
256
269
278
287
299
308
321
330
349
359
368
378
390
402
415
426
440
449
462
474
486
497
508
520
532
543
553
565
578
597
609
620
629
642
654
664
673
686
698
708
720
731
745
755
765
778
787
798
810
820
829
841
851
861
873
886
896
907
917
932
944
955
961
972
981
991


13
18


20


37
45
50
57
66
83
92
111
127
147
165
187
204
222
231
251
262
274
293
307
327
342
362
383
404
423
444
456
469
481
502
521
538
550
569
584
603
624
643
663
675
696
717
737
749
769
787
804
814
827
846
855
872
889
909
921
933
945
966
973
984
996


12
21
28
47
59
66
79
98
116
125
146
163
182
193
202
229
246
257
274
295
314
332
352
371
391
401
422
432
442
463
482
503
523
540
557
576
600
619
639
660
678
690
709
726
746
758
779
798
819
847
867
886
903
918
928
952
971
981
993


43


17
23
31


51
57
64
74
81
90
109
118
139
148
164
181
188
201
220
230
249
259
276
285
298
319
336
346
363
382
400
412
425
446
467
488
497
514
531
540
561
580
601
621
640
649
667
685
696
718
731
748
765
783
794
803
820
832
845
867
887
906
923
932
944
951
961
970
988
995


23


9


8
14


11
18
25
31
41
60
66
72
79
96
109
120
138
147
169
188
197
207
224
245
264
281
298
315
332
350
370
379
398
415
432
451
469
490
509
527
544
559
576
597
616
627
647
667
688
705
726
744
761
776
789
808
827
844
863
887
897
906
917
926
947
958
979


11


31


9
19
27
38
45
62
80
98
119
140
151
169
189
209
229
251
269
288
307
327
347
364
383
404
422
442
460
480
499
520
531
552
571
592
616
639
658
671
691
717
738
758
776
793
815
834
853
874
886
909
934
951
968
981
999


32


8
13
18


13
18
29
37
49
55
69
78
90
101
108
115
129
146
168
177
198
220
229
246
264
283
304
316
337
355
367
376
394
406
428
446
466
485
506
527
544
562
587
607
627
637
657
674
694
711
731
748
765
782
803
822
841
861
880
899
918
937
954
975
995


10


19
24


9


36
43


19
26
33
42


15
25
35
45
52
59
68
89
104
114
131
148
157
174
191
208
225
234
251
268
277
295
321
340
357
370
387
404
425
443
461
480
492
509
532
558
580
603
623
643
666
687
707
728
745
766
786
807
828
846
865
884
901
921
941
950
970
981
998


23
31
38
45
52
59
67
74
85
94
101
111
120
127
134
141
152
160
167
174
182
189
198
207
217
224
235
242
250
264
271
278
285
294
304
311
318
326
336
344
351
361
368
375
385
392
399
407
416
425
433
442
449
461
468
475
482
492
499
507
515
522
530
538
547
556
566
574
597
605
612
622
629
636
643
650
657
664
674
681
691
700
710
717
724
731
738
749
757
770
777
784
792
799
806
813
823
830
837
844
852
859
867
876
883
891
898
907
914
922
930
937
944
951
959
969
976
983
990
997


20
29


11
18
25
32
43
55
62
70
77
86
93
101
108
115
122
131
138
145
152
159
168
175
183
190
200
210
217
224
235
245
252
260
267
279
287
294
301
312
319
328
335
343
357
375
383
390
397
406
414
422
430
438
445
456
464
471
478
489
500
514
521
530
544
551
558
565
572
579
588
595
602
611
618
625
637
644
651
658
665
672
679
686
694
702
710
720
727
734
746
757
765
772
779
789
798
805
812
825
832
842
849
856
863
873
880
887
894
902
909
918
925
934
943
950
970
977
986
994


49
56
64
72
80
88
95
111
120
130
139
149
158
165
174
183
192
201
212
221
231
241
252
261
271
280
289
298
306
317
328
338
347
356
369
379
388
400
409
418
427
436
445
454
469
479
490
499
508
518
527
538
549
558
569
579
593
602
611
622
631
640
649
658
671
680
689
698
708
717
726
742
753
768
782
791
800
809
825
841
853
862
874
886
895
908
922
935
947
957
966
975
984
996


12
22
34
43
54
66
75
96
107
116
127
142
151
162
172
191
209
222
239
248
265
278
287
311
328
346
364
382
396
415
435
454
473
494
511
528
537
551
570
588
609
629
649
666
683
703
724
742
752
769
789
810
828
849
866
886
895
915
926
947
964
983
995


10
18
25
32
41
48
57
68
85
102
111
132
152
172
189
198
218
227
248
259
276
297
321
343
360
378
403
425
443
460
483
504
524
541
561
579
604
625
643
661
681
702
713
730
748
765
785
805
824
837
857
878
895
916
941
953
970
987


12
19
24
30
39
44
49
54
64
73
78
85
90
98
104
109
117
122
127
135
145
151
156
162
168
175
180
185
190
199
204
209
215
222
229
234
239
247
254
261
266
275
280
287
292
301
307
312
317
323
329
335
340
345
350
355
360
365
370
378
383
394
400
409
414
419
424
429
434
444
451
456
461
466
471
481
486
491
501
508
518
529
535
540
545
553
558
563
569
575
582
587
596
602
607
615
620
625
630
635
641
646
654
659
664
676
681
688
693
709
716
721
726
733
738
743
749
754
759
764
772
777
788
793
798
803
808
814
820
825
833
838
843
848
853
866
872
877
884
889
894
903
908
914
923
928
933
940
945
951
956
961
966
971
976
984
991
996


9
20
31
37
44
51
59
66
73
80
87
97
104
111
118
135
142
150
157
165
172
181
188
195
205
213
220
227
236
243
250
257
265
272
284
291
298
309
318
327
335
345
352
360
367
376
383
390
400
411
421
429
437
445
452
459
466
474
482
493
503
511
518
525
533
540
548
555
562
569
576
585
594
602
609
616
623
630
637
647
657
665
680
687
695
702
709
717
725
732
743
753
767
775
782
790
797
805
812
819
827
836
843
850
857
864
871
881
889
897
910
917
924
935
942
949
956
964
971
978
985
999


11
20


14
21
38
49
67
84
94
112
129
152
170
181
198
220
237
258
280
299
309
327
349
366
383
400
421
439
460
480
497
514
531
552
572
589
606
625
645
663
680
697
718
881
903
920
931
944
964
988
997


11


21
28
34
43
50
70
79
96
109
126
135
145
162
180
199
217
234
251
264
281
298
318
338
359
376
385
402
423
445
464
486
503
520
537
547
557
574
595
608
625
646
665
685
702
726
747
767
787
804
824
846
866
886
909
932
950
970
983
993


13


8
17


14
19


8


8


12
17


20


28


7
12
18


8


23


11
16
27


35
41
50
62
69
80
89
99
108
118
127
136
148
164
173
180
189
198
207
216
225
234
243
255
264
274
287
296
308
319
328
340
349
358
367
381
393
402
412
421
439
448
457
466
475
484
494
504
515
524
533
542
552
564
577
590
601
610
623
636
649
659
671
683
695
707
718
730
739
751
764
776
786
798
810
822
834
846
855
866
877
888
904
919
928
935
949
958
963
972
981
994


13
18


20


37
45
50
57
66
83
92
111
123
140
160
178
195
205
222
231
253
272
295
312
332
349
362
384
405
424
442
465
484
497
518
536
553
573
592
612
629
647
666
676
693
711
732
745
765
786
797
806
827
846
855
872
885
897
914
927
944
966
973
984
997


12
21
28
33
50
65
79
99
111
133
154
174
193
202
219
228
249
269
286
303
313
324
341
358
378
400
413
430
453
473
494
511
529
547
567
587
607
617
637
656
677
696
714
731
748
769
789
808
829
847
867
886
903
917
938
955
972
981
990
998


43


17
23
31


51
57
64
74
82
91
103
123
140
157
181
190
211
231
249
266
275
285
296
305
326
346
363
383
400
419
437
447
467
476
496
514
531
540
562
581
602
621
640
650
667
689
708
727
748
772
793
811
831
852
861
871
888
906
923
932
944
965
988


23


9


8
14


11
18
25
31
37
47
64
81
98
109
120
138
147
169
188
202
211
229
250
267
277
297
306
327
344
365
389
411
430
451
469
490
509
527
536
559
580
601
621
641
662
679
700
720
738
755
767
789
808
829
846
863
884
906
917
926
947
958
967
981


11


31


9
19
27
38
45
54
63
72
81
90
109
118
131
140
150
159
177
197
219
239
258
278
295
312
333
354
375
394
412
433
452
472
489
507
524
544
564
581
600
617
639
658
669
691
708
729
749
767
788
809
828
841
862
882
899
916
934
951
971
988


32


8
13
18
35
56
76
83
101
119
128
145
156
174
191
210
228
250
267
279
296
308
325
342
359
368
388
408
428
449
470
490
511
536
556
576
595
613
630
647
664
683
700
718
735
754
771
789
808
828
849
868
885
903
924
933
951
962
972
979
986


13
18
29
37
49
55
69
78
91
96
115
131
148
157
177
194
211
232
243
264
283
304
316
328
345
367
376
394
406
428
449
470
487
500
660
681
702
722
885
899
919
938
958
975
984
991
998


10


19
24


9


36
43


19
26
33
42


15
25
35
45
52
70
79
89
104
114
131
142
167
185
202
224
241
259
277
293
319
339
358
375
395
412
423
442
463
481
502
521
538
558
579
603
623
644
665
688
700
722
739
760
777
798
819
839
860
877
889
906
923
940
949
970
981
990


23
31
38
45
52
59
67
74
85
94
101
111
120
127
134
141
152
160
167
174
182
189
198
207
217
224
235
242
250
261
269
276
286
295
302
315
322
329
336
344
352
363
370
379
386
398
405
413
422
430
437
445
454
463
473
483
493
501
512
519
527
538
547
563
570
587
594
606
613
620
627
634
645
652
659
666
673
680
687
694
703
710
730
737
744
751
758
766
777
784
791
798
806
813
820
829
837
844
855
862
873
880
890
901
908
917
924
931
938
946
953
960
968
975
982
989
996


20
29


11
18
25
32
43
55
62
69
80
91
101
112
119
126
133
141
148
155
162
170
181
188
195
203
210
217
228
235
245
255
263
271
278
285
296
306
313
321
329
337
348
355
362
369
377
385
392
399
407
414
421
430
444
451
458
465
473
480
487
494
501
509
519
526
533
540
548
556
563
570
577
587
595
603
612
619
627
636
643
650
659
666
676
684
694
701
708
715
722
730
737
746
753
760
767
774
781
788
795
803
810
817
825
832
842
849
856
868
875
882
891
898
905
912
919
927
934
941
948
961
970
978
989
996


49
56
64
72
79
90
101
111
120
130
139
148
158
168
179
188
197
206
215
224
233
243
252
261
276
285
294
303
312
324
333
350
360
369
379
389
401
410
419
428
437
449
459
468
479
490
500
513
522
532
549
558
567
576
585
598
607
620
629
638
650
661
670
680
690
699
709
719
729
738
751
760
769
778
787
797
808
817
828
837
846
855
865
875
884
893
903
912
922
935
945
957
968
977
986
995


12
22
34
43
56
66
75
81
90
99
116
127
143
156
173
191
200
217
238
259
268
287
311
328
346
365
382
391
410
427
436
454
475
492
512
533
552
573
590
611
632
649
667
680
701
719
731
752
770
791
810
828
850
867
884
901
918
939
952
971
980


10
18
25
32
42
54
63
83
92
252
270
279
297
314
331
348
366
378
397
417
437
458
483
504
529
549
567
588
605
626
645
658
679
699
712
729
749
766
788
808
827
844
857
878
895
916
937
946
955
975
992


12
19
24
30
39
44
49
54
60
66
71
78
83
88
96
101
107
112
117
122
127
132
141
146
160
165
174
179
184
189
194
199
204
210
215
223
229
240
247
256
261
266
271
278
283
290
295
300
305
312
318
323
329
335
340
345
350
355
363
368
373
379
384
392
397
402
409
414
423
431
446
455
460
466
471
477
486
494
499
504
510
517
522
527
532
537
544
551
556
563
568
577
582
587
596
601
607
613
619
627
632
639
644
649
654
662
667
676
684
689
697
703
709
714
721
726
732
739
744
749
754
759
764
769
779
788
793
798
805
814
819
825
830
835
840
848
853
862
867
872
877
883
888
893
898
903
908
914
919
925
933
940
950
955
964
969
983
991
996


9
20
28
33
41
51
63
71
78
85
92
99
110
117
126
136
143
150
157
166
173
180
187
194
202
209
216
224
231
238
247
254
263
270
284
291
300
308
318
325
332
339
346
362
373
380
387
395
405
412
421
430
441
448
455
462
469
477
484
492
499
511
519
526
533
540
547
555
564
571
578
589
597
604
611
618
629
636
648
658
668
675
685
695
702
709
716
723
732
743
750
757
767
777
784
791
802
809
817
827
836
845
856
864
872
883
890
897
910
918
925
933
940
947
954
964
978
985
992


11
20


14
20
27
34
48
67
84
94
112
129
148
166
183
203
220
237
258
280
301
325
342
364
378
399
421
439
460
480
497
514
531
552
572
594
612
629
650
670
690
710
729
750
773
790
807
826
848
865
882
903
920
937
946
964
988
997


11


21
28
34
43
50
70
79
96
109
126
135
154
162
180
199
217
234
251
264
281
298
318
335
354
376
385
402
426
446
463
483
501
520
540
557
574
595
616
633
650
667
685
702
729
749
766
787
804
823
844
861
878
898
919
936
953
969
982
993


13


8
17


14
19


8


8


12
17


20


28


7
12
18


8


23


11
16
27


35
40
47
56
65
74
81
90
99
108
118
127
136
147
156
163
173
180
189
198
207
216
225
234
247
256
274
284
294
303
312
321
331
343
354
364
373
382
394
404
414
426
442
453
464
474
486
498
511
521
530
539
552
563
574
584
597
610
622
634
644
656
669
680
692
703
715
728
742
753
763
776
789
799
810
822
835
848
863
873
883
893
907
916
925
935
944
957
969
980
988


13
18


20


37
45
50
57
66
83
92
110
128
138
155
173
187
196
216
229
241
254
274
295
312
332
349
358
378
393
410
419
583
603
620
643
664
676
693
710
738
762
779
797
814
823
840
858
875
896
916
933
945
966
973
984
996


12
21
28
37
47
54
65
79
99
112
121
138
154
174
193
202
229
246
265
282
301
321
342
359
376
397
417
438
458
475
484
503
524
545
566
587
607
617
636
656
676
696
714
731
748
769
789
809
829
848
867
885
903
918
929
952
972
981
991


43


17
23
31


51
57
64
73
90
109
118
139
148
158
167
180
192
201
219
237
400
417
438
459
476
488
507
528
545
562
581
602
621
640
651
668
677
695
720
741
760
780
787
804
821
839
851
863
884
894
922
932
945
954
965
973
983


23


9


8
26


11
18
24


11


31


9
19
27
38
45
62
80
91
108
125
142
159
177
197
214
224
234
251
269
288
307
325
347
364
383
404
421
434
452
473
494
514
533
554
576
597
617
639
658
667
684
705
723
744
763
781
801
814
831
848
865
882
899
916
934
951
968
981
999


32


8
13
18


13
18
29
37
49
69
78
85
94
101
108
115
131
148
157
177
194
211
221
232
243
264
284
293
312
331
338
355
367
388
409
573
590
609
630
642
659
820
839
852
872
890
907
924
937
954
975
984
991


10


19
24


9


