811.1154
791.12646
692.04376
616.78156
700.33606
579.31226
532.1438
691.59045
672.16815
722.452
584.8823
657.6836
798.9756
881.7659
806.125
837.3067
892.6342
863.1359
948.5273
895.4504
869.4536
886.6035
879.9149
890.2426
785.9308
758.6094
812.8472
565.58923
766.0391
719.94885
678.9451
676.8848
742.53125
716.7672
623.00854
777.76855
861.52814
886.0423
799.7192
844.35266
823.8241
784.53864
995.37933
802.03955
793.3845
924.4647
849.2078
862.87024
811.1154
796.4487
703.9838
596.5656
700.36743
557.97656
562.3343
685.6213
672.83325
707.7581
579.1557
657.6836
809.7845
881.7666
808.6293
837.3067
892.63434
870.76447
948.5281
895.45056
869.4295
886.6035
879.9155
896.2675
792.4641
658.3022
818.1803
566.29755
686.29517
719.94653
665.78595
680.1325
742.5315
716.7672
616.9204
777.7689
861.52814
886.27094
868.84485
844.3579
823.8241
787.62286
995.39606
865.30963
790.3416
924.47266
849.2077
862.8702
811.1154
792.4439
692.7701
581.2346
700.36725
600.11584
548.1466
678.22485
671.7566
693.2181
564.02844
657.6836
815.5859
881.7671
815.51514
837.3067
892.63293
870.76447
948.5281
895.45056
869.4734
886.6035
879.9155
896.2675
785.9308
758.6094
818.1803
564.1241
744.47516
719.9423
668.0729
681.7751
742.5316
716.76685
616.22833
777.77014
861.52814
896.7033
868.8458
844.3583
823.8241
784.5931
995.3795
862.86847
791.83673
924.47253
849.2077
862.87024
811.1154
652.6051
688.3809
575.0337
700.37006
549.08606
553.5614
690.49115
671.14166
703.67224
567.9009
657.6836
888.38904
881.7687
795.50964
781.941
892.6331
870.76447
948.5281
895.45056
869.4734
886.6035
879.9155
896.2675
792.4641
658.13416
818.1803
543.4983
735.705
719.9484
664.1279
680.84045
742.531
716.6498
628.3202
777.7687
861.52814
886.27094
868.84674
844.3579
823.8241
789.1269
995.37994
790.34265
797.2075
924.4662
849.20795
862.8702
811.15656
791.12646
699.4647
578.82623
700.36725
550.1866
560.65015
693.6879
684.90234
656.4056
599.4641
587.47705
803.81635
881.7648
812.204
837.3067
892.63293
860.97034
948.52716
895.45056
869.4536
886.6035
879.91516
896.1905
785.9308
758.6094
818.1803
532.8118
766.0388
719.94885
786.2632
675.47864
742.5315
716.76715
623.8371
777.76807
861.52814
896.7033
868.845
844.3579
823.8241
784.73083
995.37964
861.89703
781.6327
924.47327
849.2077
862.8702
811.1154
655.9851
687.61194
586.8912
700.3672
584.07556
515.5143
783.9983
680.3377
722.6895
579.81067
588.57874
804.4294
881.7666
807.9597
837.3067
892.63293
870.76447
948.5281
895.45056
869.4734
886.6035
879.9155
896.2675
792.4641
758.6094
818.1803
560.17194
766.03876
719.94885
671.87366
683.79535
742.53217
716.76697
631.8409
777.76855
861.52814
896.7033
803.4031
844.3518
823.8241
784.34753
995.38385
863.0584
786.79517
924.4717
849.2077
862.8702
811.1154
660.21185
701.615
558.4384
700.3676
590.0742
564.1302
687.3182
671.3342
661.6484
593.48895
584.6457
808.38635
881.76514
816.09784
775.25903
892.633
856.06134
948.5273
895.4506
869.4536
886.6035
879.9156
896.2675
785.9308
758.6094
818.1803
509.91412
766.03827
719.9491
667.29596
678.10425
742.5318
716.7672
613.59796
777.7678
861.52814
886.0423
803.9783
844.3535
823.8241
783.44916
995.3919
860.35077
780.70526
924.47156
849.2077
862.8702
811.1154
650.006
699.95197
600.0976
700.36725
567.7815
563.1755
685.11096
679.3242
654.7752
596.25854
657.6836
807.5719
881.7654
809.91614
837.3067
892.6331
870.76447
948.5281
895.45056
869.4536
886.6035
879.9155
896.2684
785.9308
635.9224
818.1802
575.3784
766.03845
719.94885
669.34375
674.65265
742.5313
716.76685
629.0168
777.7678
861.52814
886.27094
802.2378
844.35297
823.8241
785.44934
995.3822
864.14435
783.55145
924.4735
849.2078
862.8702
811.1154
791.12646
687.3904
585.8078
700.3701
578.94293
570.93146
689.24725
672.8517
645.7211
579.20917
657.6836
821.57355
881.7649
806.54095
837.3067
892.63293
863.1357
948.5273
895.4504
869.4536
886.6035
879.9149
896.269
792.4641
758.6094
818.1803
587.9524
766.03925
719.94885
676.6454
673.8969
742.5318
716.7672
625.40985
777.7682
861.52814
886.0423
807.79395
844.34906
823.8241
785.64026
995.394
787.62134
784.10596
924.47107
849.2077
862.8702
811.1154
791.12646
690.4228
566.3658
700.3674
594.559
549.75946
690.5721
683.3713
652.8046
598.39777
657.6836
808.4647
881.7694
801.99115
837.3067
892.63293
863.1357
948.5273
895.4504
869.4536
886.6035
879.9149
896.26984
792.4641
758.6094
818.1803
569.28656
766.04114
719.9493
672.36273
680.8322
742.5314
716.76685
633.9111
777.76794
861.52814
896.7033
868.845
844.3579
823.8241
781.3927
995.385
863.8128
793.18494
924.47217
849.2077
862.8702
