35
42


20
26
34
54
75
88
105
114
123
144
156
173
190
208
217
238
266
283
304
322
335
352
374
391
408
425
446
463
480
498
507
524
541
558
575
596
613
636
656
680
701
722
739
758
775
791
810
827
846
863
882
899
917
934
951
962
979
999


18


22
31
38
45
52
59
67
74
84
95
102
111
121
129
138
145
152
160
167
174
181
188
201
209
218
225
232
240
247
263
272
286
293
300
307
317
324
334
343
352
360
370
377
384
392
399
410
420
429
437
445
452
462
469
476
488
496
503
511
518
531
540
548
559
569
576
585
593
606
621
628
635
643
653
660
667
675
685
692
705
712
722
735
743
751
758
767
775
785
792
799
806
813
823
830
837
844
852
859
867
875
885
892
899
906
913
922
929
936
943
950
957
971
978
986
995


20
29


11
18
25
32
43
55
62
73
81
94
101
108
115
122
132
139
150
166
175
182
189
197
205
212
221
229
236
245
252
260
267
278
285
292
299
310
317
324
331
338
348
355
365
372
380
387
394
401
408
415
426
435
443
450
457
469
479
487
494
512
519
526
533
540
551
558
565
577
584
591
600
607
614
627
635
643
653
660
669
676
683
690
697
707
716
723
730
739
746
758
765
773
781
788
795
802
810
817
824
833
843
851
859
867
874
887
898
905
914
921
928
939
946
953
961
970
977
986
996


49
56
66
78
88
96
105
115
125
134
148
160
171
183
195
204
218
228
239
248
261
271
280
289
298
306
318
329
339
350
360
369
379
389
399
409
418
427
436
445
454
466
475
485
494
503
513
525
534
547
557
569
578
589
601
612
625
635
644
655
664
675
684
694
709
719
728
738
747
757
770
779
788
797
808
817
826
835
844
853
862
875
887
898
910
919
928
937
950
959
968
977
986
995


12
23
34
44
53
59
68
78
87
108
127
144
153
172
189
200
217
238
259
283
302
311
328
346
365
382
399
416
435
454
473
496
514
534
551
570
587
604
622
639
656
674
695
712
731
752
769
791
810
834
851
868
885
902
916
926
953
971
988


10
19
31
40
57
68
85
102
121
130
147
167
176
196
213
232
253
270
279
297
321
343
360
378
403
425
443
460
483
500
517
534
555
576
605
627
644
661
681
701
718
737
748
765
786
806
824
841
859
878
895
915
933
953
970
984
999


13
19
24
30
35
44
52
57
66
71
76
81
87
92
97
107
116
122
129
135
140
147
153
158
164
174
182
188
193
199
208
213
223
230
240
247
252
257
264
269
274
279
284
293
300
305
310
315
321
329
335
341
350
355
363
368
373
378
383
392
397
402
409
414
419
424
429
434
442
453
461
467
476
481
486
491
500
505
511
516
522
527
534
540
545
550
556
563
568
573
578
584
589
598
603
608
613
618
623
628
634
642
647
653
662
667
672
677
683
690
695
704
709
714
723
728
743
752
758
769
777
782
791
796
801
811
816
821
826
831
837
842
849
854
859
864
869
877
886
891
897
903
908
913
918
923
928
933
939
944
950
955
961
970
984
989
996


9
16
25
32
39
46
55
64
71
83
92
99
106
117
136
143
151
162
169
177
200
210
217
224
231
238
245
254
264
274
282
292
299
308
315
322
329
338
345
353
363
370
377
391
398
405
413
424
431
439
447
454
462
471
479
489
496
505
512
524
531
538
545
564
571
580
587
597
604
613
620
629
636
643
650
658
665
674
681
689
696
703
712
720
727
736
743
753
762
770
777
784
791
799
808
819
833
840
847
856
865
873
881
889
896
903
910
917
926
933
941
950
958
965
977
984
991


12
22
29
36
41
54
72
80
92
102
116
133
152
161
170
187
205
223
241
250
265
274
292
311
322
339
358
367
388
397
414
423
432
442
459
469
490
507
526
546
564
581
590
599
616
635
656
675
693
712
729
739
748
769
778
798
815
835
853
870
889
898
922
933
950
959
979


14
21
38
49
68
90
112
129
152
170
187
204
224
245
265
282
301
325
342
365
382
399
421
443
460
480
497
514
531
552
571
589
606
624
643
662
680
697
718
743
763
780
799
820
840
865
883
903
920
937
946
964
988
997


10


22


11


8


15


8


8


12
20


20


28


7


7


21
26


10


32
40
50
59
68
77
86
95
108
118
131
140
150
161
174
184
193
202
213
222
231
242
251
260
269
279
292
301
310
324
335
350
362
372
384
394
403
413
422
432
441
450
459
468
477
490
499
508
519
528
537
548
557
566
578
587
597
606
615
624
634
643
652
661
670
681
692
701
710
721
730
744
753
763
773
782
793
803
813
823
832
845
855
870
880
890
903
912
921
932
945
955
964
972
980
989


13
25
34
43


20


36
51
60


9
16
27
45
54
63
72
81
98
115
137
149
172
193
202
219
227
239
258
267
280
301
319
336
345
354
371
391
400
413
430
453
473
493
511
529
547
567
587
603
624
642
656
677
696
713
736
753
770
790
808
829
847
866
883
892
909
918
927
948
971
981
990
995


44


17
23
31


53
62
74
95
104
122
140
157
181
201
220
230
249
258
275
285
296
305
322
335
352
369
379
400
417
437
461
470
488
507
516
536
555
572
591
602
621
640
649
667
685
695
718
729
748
765
783
801
813
832
844
854
871
888
906
923
932
945
954
961
970
988


24
33


9
14


8
14


11
16
24
31
41
62
72
81
98
109
120
138
147
169
189
198
215
224
245
264
281
298
315
335
353
370
379
398
415
432
451
469
490
509
527
536
559
576
597
616
626
646
663
681
698
715
738
755
766
783
804
824
842
859
879
901
919
936
953
962
979


10


31


9
19
28
45
65
72
91
108
125
142
159
177
197
214
225
251
269
288
307
328
347
364
382
400
417
436
454
475
485
502
522
539
556
573
593
614
635
656
674
691
708
726
747
765
786
806
828
841
862
882
899
909
934
951
968
991


32


9
20
37
56
76
94
113
134
151
169
178
195
209
219
239
258
279
296
319
336
356
365
382
399
419
439
459
478
498
517
536
556
573
583
602
613
630
647
664
683
700
718
735
756
775
795
816
833
850
868
885
903
916
936
946
956
973
980


13
18
29
36
49
56
69
78
90
99
120
131
148
168
177
194
211
221
232
243
264
283
304
315
332
344
507
524
542
559
576
598
615
632
650
672
691
711
731
748
765
782
803
823
840
861
878
890
907
918
937
954
975
984
991


10


19
24


9


35
42


20
26
34
42
54
71
80
90
107
124
135
157
172
189
201
218
235
258
278
299
316
333
342
363
380
397
414
431
448
465
484
502
519
539
556
573
591
611
629
656
674
692
710
728
745
762
781
798
815
832
862
882
899
917
936
953
970
979


18


22
31
38
45
52
59
67
74
84
95
102
112
121
129
136
146
156
163
170
177
187
201
208
215
223
230
237
245
256
263
270
278
292
299
307
317
324
337
344
351
358
365
372
380
387
395
402
410
418
425
433
440
449
457
464
477
484
499
508
515
522
529
536
547
554
565
573
590
597
606
614
621
628
641
648
656
664
678
687
694
703
710
718
729
736
744
751
758
767
777
785
792
799
806
813
822
830
837
844
857
865
872
880
887
895
902
909
918
925
933
941
948
961
968
975
982
989
996


20
29


11
18
25
30
43
53
61
68
81
88
103
114
125
132
140
147
155
171
182
189
198
205
215
222
229
236
245
252
260
267
283
292
299
309
318
329
336
343
350
360
368
381
388
396
403
412
419
426
433
441
450
457
468
479
487
494
502
511
518
525
532
543
550
557
564
572
579
589
600
607
614
622
632
639
648
658
665
672
683
690
697
704
714
721
734
742
749
769
776
784
791
798
805
813
820
830
837
844
851
858
866
873
887
894
901
910
918
925
935
942
949
959
966
973
981
993


49
56
67
74
88
96
105
115
127
137
146
155
166
176
185
194
203
212
221
231
240
249
260
269
278
291
300
309
318
330
341
350
360
369
379
389
398
409
418
427
436
445
454
466
475
485
499
508
526
535
545
554
563
574
583
593
603
612
622
632
643
655
664
675
684
694
709
719
728
738
747
757
769
779
791
800
809
818
827
836
852
862
875
887
898
912
923
933
942
951
960
969
978
987


12
24
33
54
63
72
84
96
108
127
144
162
180
200
217
238
259
268
285
302
319
339
356
373
390
399
420
441
465
493
514
534
551
570
588
605
622
639
656
673
691
708
731
752
769
787
806
823
840
861
884
901
918
939
958
980


10
19
31
43
54
71
88
112
129
139
160
177
197
217
234
253
270
279
297
316
333
352
369
381
403
425
443
460
483
504
528
547
566
589
606
627
650
669
691
708
728
753
770
779
801
822
840
857
878
889
909
918
941
962
984


13
19
24
30
35
40
48
54
62
67
73
78
90
95
100
105
110
115
120
125
130
135
140
145
150
157
162
167
172
177
184
189
194
199
207
213
220
225
231
236
243
250
256
264
269
275
280
287
292
302
307
317
323
328
333
338
343
353
361
367
373
378
383
392
397
402
416
422
427
432
437
446
451
456
461
470
477
484
490
495
504
509
514
525
531
536
545
552
558
566
571
576
582
587
592
597
602
611
616
621
626
634
639
647
654
659
664
677
682
689
695
701
715
723
729
735
744
752
758
763
768
777
782
790
795
802
814
819
824
832
837
846
853
866
875
880
886
891
897
903
908
913
921
926
933
941
946
951
956
962
969
984
989
998


9
16
25
32
39
46
55
62
69
77
85
92
99
106
115
122
129
142
154
161
168
176
183
190
200
208
219
228
235
242
249
256
270
277
284
291
298
306
313
321
329
337
345
352
360
368
376
383
390
400
408
418
426
437
448
457
464
472
483
490
498
505
512
520
528
536
543
558
570
577
584
602
610
621
628
635
642
655
662
669
676
683
692
704
714
722
729
736
743
751
770
777
788
796
803
810
819
831
838
845
853
860
867
875
883
890
897
906
913
920
927
934
941
950
961
968
977
985
992


12


14
21
38
49
67
84
101
118
138
157
177
194
203
220
237
258
280
299
316
341
358
377
394
413
430
450
472
489
508
529
550
569
589
606
624
645
662
680
697
718
881
903
920
937
946
964
988
997


10


22


11
16


8


15


8


8


12
20


20


28


7


7


21
26


10


32
40
50
57
66
75
84
93
102
111
120
131
142
151
160
169
180
189
201
211
221
235
244
255
264
274
284
295
305
315
325
335
346
355
364
373
384
394
407
417
427
436
449
458
467
478
490
501
518
527
537
548
558
570
583
592
601
610
621
630
639
657
666
677
687
696
708
720
730
739
748
763
772
781
790
800
814
823
833
843
853
863
874
883
895
906
918
927
938
948
958
964
971
978
989


13
25
35
41
52
61
70
83
92
106
117
127
137
144
154
166
175
195
216
234
253
262
279
298
311
320
342
362
381
398
407
429
438
453
471
488
505
522
540
559
580
597
616
633
653
672
697
718
738
760
778
799
817
834
852
869
889
907
924
942
960
969
982
991


20


36
51
60


9
16
27
45
54
65
82
96
112
121
138
149
170
193
202
219
226
244
265
283
292
309
330
354
374
383
392
409
431
452
469
487
508
529
547
567
587
606
617
636
656
676
696
714
737
747
769
790
807
819
842
860
878
895
912
921
936
951
971
981
990
995


44


17
23
31


53
58
65
74
87
96
117
132
153
171
181
190
211
230
249
266
275
285
294
314
335
352
369
382
400
412
421
442
461
482
500
517
538
555
572
591
602
621
640
649
667
685
695
718
735
748
766
783
794
803
820
832
845
868
885
906
923
932
944
965
973
985
997


24
33


9
14


8
14


11
16
24
31
41
60
66
72
81
98
108
120
138
147
169
186
194
205
215
224
245
264
281
303
324
344
370
379
398
415
432
451
469
490
509
527
544
561
579
597
618
638
657
676
698
719
738
760
777
794
811
828
841
858
878
901
923
944
962
979


10


31


9
19
28
45
62
80
99
109
131
140
150
159
177
197
219
239
256
273
290
311
328
347
364
383
404
421
442
460
480
497
517
538
556
577
597
617
638
659
669
691
708
726
747
765
782
802
822
831
848
865
882
899
909
934
951
968
989


32


9
20
37
46
56
76
85
102
114
134
151
169
178
195
210
228
250
267
279
296
314
334
351
368
387
408
425
445
463
486
504
523
540
559
578
590
601
620
637
658
676
693
710
727
750
770
787
806
823
840
858
868
885
903
921
946
956
973
980


13
18
29
40
49
56
67
74
83
90
98
107
120
131
148
168
177
194
211
220
229
246
264
283
304
315
332
343
353
370
389
406
430
448
457
479
500
520
540
559
576
597
616
635
647
665
674
694
711
731
748
765
782
803
823
840
861
878
890
907
924
937
954
975
995


10


19


9


35
42


20
26
34
54
75
88
105
114
123
135
156
173
190
207
230
243
264
278
299
316
335
352
374
391
408
425
446
464
484
502
519
539
556
573
591
611
629
655
679
696
713
739
757
774
791
810
827
850
867
890
917
934
947
964
974
991


18


22
31
38
45
52
59
67
74
84
95
102
111
120
127
134
141
152
160
170
177
184
205
216
224
235
245
252
259
266
276
287
294
301
311
319
326
337
345
352
361
371
380
387
395
402
410
419
426
433
440
447
455
462
469
479
487
494
501
508
518
530
537
548
556
563
570
577
585
592
603
610
617
624
634
645
652
659
667
679
687
695
703
710
718
730
737
744
753
760
767
778
786
793
800
807
814
823
830
838
845
852
859
866
873
880
887
904
911
918
930
942
949
956
963
975
982
989
996


20
29


11
18
25
32
43
55
62
69
80
91
102
114
121
128
135
142
149
165
173
192
200
207
215
228
238
246
255
268
276
283
290
298
306
313
320
328
335
342
349
359
367
380
390
397
405
414
424
432
441
450
457
465
479
489
497
504
513
520
527
534
543
550
557
564
573
583
590
600
608
616
625
635
642
649
660
667
676
683
690
697
705
712
720
729
736
743
757
765
772
781
788
795
802
810
817
825
832
843
851
858
868
880
887
895
902
910
919
926
939
946
954
961
968
975
983


49
56
68
86
99
112
121
134
144
155
166
176
185
194
201
215
224
233
244
253
262
271
283
294
303
312
325
336
345
358
367
376
385
394
404
417
427
436
445
454
463
472
482
491
500
509
523
532
542
554
563
574
583
593
603
612
625
635
647
656
665
677
686
699
709
718
728
738
747
756
765
774
786
795
808
817
827
836
845
855
865
875
887
897
910
919
928
937
950
959
968
977
986
995


12
25
33
59
70
79
88
98
115
127
144
162
180
200
217
238
259
283
302
311
328
346
365
382
399
416
435
454
472
496
514
534
551
570
587
604
622
639
656
673
691
708
726
743
765
782
799
820
837
854
871
884
901
918
939
952
971
980
995


10
19
31
40
57
68
85
102
122
139
152
161
178
197
217
234
253
272
289
306
323
343
360
381
403
425
443
460
483
500
517
534
555
578
599
616
634
651
668
677
695
713
730
760
779
801
824
841
858
878
891
904
922
941
961
978


13
19
24
30
35
44
49
54
62
68
73
78
85
90
95
100
105
117
125
130
135
141
147
154
160
165
170
177
183
188
193
199
204
209
215
222
230
237
242
248
254
264
269
274
280
285
292
299
305
311
317
323
329
335
343
348
355
360
365
370
378
383
392
399
404
409
414
423
431
436
441
446
451
456
461
471
481
486
491
496
501
506
511
518
525
531
536
542
547
552
559
565
570
576
581
587
593
598
611
616
621
626
633
641
647
654
659
664
676
681
689
694
701
715
721
727
739
744
752
757
762
767
777
782
788
793
801
814
819
824
829
835
840
848
855
864
869
875
881
886
891
897
903
908
913
920
928
933
941
946
951
956
961
966
971
979
985
991
996


9
16
25
32
39
46
55
62
73
80
87
101
108
115
122
129
136
143
150
157
164
175
183
195
204
211
218
229
237
244
251
258
270
277
285
292
305
312
319
329
337
344
353
360
367
376
383
390
400
411
427
436
445
452
459
469
476
493
504
519
526
533
540
547
555
564
580
587
597
604
613
620
629
637
644
653
662
669
678
687
696
703
712
720
727
736
743
754
761
770
777
784
791
800
810
817
824
831
838
845
853
860
867
875
882
895
903
910
917
925
932
939
946
953
960
967
978
987
994


12


14
21
38
49
68
89
112
129
147
166
187
204
224
245
270
290
309
326
343
364
378
399
421
439
456
473
490
508
529
552
569
589
606
624
643
662
680
697
718
743
764
781
799
816
837
854
874
903
920
937
946
964
988
997


10


22


11
16
23


8


15


8


8


12
20


20


28


7


7


21
26


10


32
40
47
55
65
74
83
93
102
113
124
134
143
152
161
174
184
194
203
213
221
234
243
253
263
274
284
295
305
315
326
335
344
354
363
372
384
394
408
417
427
437
449
459
468
477
489
499
508
519
528
537
548
557
566
578
587
597
606
615
624
634
643
652
661
670
681
692
701
710
721
730
745
754
763
773
782
791
800
807
818
830
839
848
863
872
881
890
901
916
925
936
942
954
963
976
985
993


13
25
34
41
50
60
67
78
89
106
117
127
137
148
166
175
194
203
215
234
254
267
284
301
311
320
339
348
365
382
406
415
424
441
458
477
494
504
526
537
557
574
593
613
631
653
672
683
700
719
739
760
779
800
817
834
852
869
878
895
904
921
942
952
969
981
990


20


36
51
60


9
16
27
45
54
65
79
96
113
133
143
153
172
193
202
219
231
240
265
283
292
309
330
354
374
387
404
428
448
467
484
495
504
514
532
557
576
602
619
636
656
677
696
714
734
753
770
790
808
829
847
864
883
892
909
918
927


44


17
23
31


53
58
65
72
89
101
110
119
140
157
181
190
211
230
249
259
276
286
304
325
346
363
381
400
417
437
461
470
488
507
528
545
564
581
602
621
640
649
667
684
693
710
719
736
757
774
795
804
821
839
849
858
877
886
899
922
944
965
973
982
995


24
33


9
14


8
14


11
16
24
31
41
60
66
72
81
98
109
120
138
147
169
189
198
209
224
244
264
281
303
322
331
344
365
389
409
430
451
469
490
509
527
544
561
579
597
616
627
639
657
676
698
715
738
759
777
794
811
828
842
859
879
901
919
936
953
962
979


10


31


9
19
28
45
65
75
85
102
119
130
151
169
189
210
227
251
268
288
307
325
342
364
383
400
419
436
454
475
495
515
536
557
576
597
616
639
656
675
692
717
738
755
775
794
815
836
856
865
882
899
916
934
951
971
989


32


9
20
37
56
76
94
113
126
139
156
177
194
203
226
238
258
279
296
319
336
356
374
393
412
431
451
471
636
656
676
693
710
727
750
770
787
796
817
834
843
860
877
894
911
931
948
965
974
991


13
18
29
37
60
69
90
98
107
120
131
148
157
177
194
211
221
232
243
264
283
304
315
332
344
507
524
541
559
576
598
615
632
650
672
693
711
731
748
765
782
803
820
839
852
872


10


19
24


9


35
42


20
26
34
42
54
71
80
90
109
126
135
154
163
180
203
214
223
242
266
283
306
324
341
350
374
391
410
427
446
463
484
502
519
539
557
574
591
611
630
655
680
701
722
739
756
773
791
812
829
846
863
882
899
917
936
953
974
992


18


22
31
38
45
52
59
67
74
84
95
102
111
121
129
136
143
155
162
170
177
186
193
201
208
219
231
238
245
252
261
271
278
290
297
305
312
319
326
336
344
356
363
370
377
385
392
399
406
413
425
433
440
447
455
462
471
479
486
493
501
510
517
528
535
542
553
561
568
575
588
595
606
613
629
636
643
650
657
667
676
687
695
703
710
718
729
736
743
753
760
768
778
786
794
801
808
815
823
830
837
844
852
859
867
878
885
892
900
907
915
922
929
936
943
951
960
970
977
984
993


20
25
30


11
18
25
32
43
51
60
67
77
86
93
101
108
115
122
131
140
151
158
175
182
189
197
205
219
226
235
242
252
261
268
276
283
290
305
313
320
331
338
348
355
363
372
379
386
393
400
408
415
427
435
444
451
458
465
473
482
489
502
509
516
525
532
541
550
557
564
572
579
588
601
608
618
625
632
639
648
657
664
671
678
685
695
702
710
720
730
740
747
754
761
769
776
783
793
803
811
818
825
833
843
851
858
867
874
887
897
905
912
919
926
933
940
947
954
963
970
980
987
996


49
56
69
74
85
99
109
118
127
137
146
156
166
176
185
194
204
223
233
243
252
262
271
280
289
298
308
317
328
341
350
360
369
379
389
398
409
418
428
437
447
457
467
479
490
500
509
525
534
543
554
563
574
583
594
603
613
625
634
643
655
664
675
684
694
709
720
729
738
747
757
769
779
792
801
810
819
832
841
852
862
875
887
898
910
919
932
942
951
960
970
979
989
998


12
24
33
54
63
72
85
102
127
144
162
180
200
217
238
262
285
302
319
339
356
373
390
399
410
427
449
467
496
514
534
551
568
585
602
622
639
656
665
682
703
725
742
752
769
786
805
822
839
850
867
884
901
918
938
955
973
983
995


10
19
31
43
54
71
88
113
130
147
159
176
196
205
222
240
257
276
297
316
333
352
369
381
403
425
443
460
473
490
507
529
547
566
576
601
618
627
649
667
690
708
725
753
770
788
806
825
834
851
868
889
909
926
943
961
978


13
19
24
30
35
44
49
54
65
70
76
81
88
96
105
110
115
120
125
132
138
143
148
153
158
165
170
179
184
189
194
199
204
209
215
224
230
239
247
252
257
264
269
274
280
285
292
300
305
310
315
321
329
335
345
352
357
363
368
373
378
383
392
400
409
418
423
429
434
439
444
451
456
464
469
476
481
486
491
497
504
510
519
524
531
536
544
554
559
564
569
576
582
589
595
602
608
613
618
626
631
636
642
647
654
659
664
674
683
689
694
704
710
715
721
729
735
744
752
757
762
768
777
782
787
793
799
804
810
815
820
826
831
838
843
849
858
863
868
875
883
890
899
906
912
917
922
927
933
938
943
948
953
960
969
974
979
991
996


9
16
25
32
39
46
54
61
69
77
85
92
99
109
116
123
131
141
148
160
167
175
183
191
202
209
216
227
236
251
258
265
272
281
290
297
304
311
318
327
335
345
352
361
368
376
383
393
400
407
414
423
430
439
448
458
465
477
484
493
500
510
524
531
538
545
554
564
574
581
588
597
604
611
619
626
636
643
650
658
665
674
681
688
695
702
712
720
727
736
743
754
761
768
775
782
791
802
810
817
827
836
845
853
860
867
878
885
895
902
910
917
926
933
940
949
956
965
978
985
998


12


14
32
43
53
62
76
94
112
129
147
166
183
203
220
237
258
280
298
315
341
358
378
399
421
443
460
480
497
514
531
552
571
589
606
624
643
661
682
699
718
743
764
781
799
817
838
859
876
902
919
936
956
965
982
991


10


22


11
16
23


8


15


8


8


12
20


20


28


7
20


7


21
26


10


32
40
50
62
72
83
93
102
113
123
136
145
155
164
174
184
194
203
213
221
234
243
253
263
275
290
302
311
326
335
344
354
363
372
382
392
401
410
419
430
439
449
459
468
477
489
499
508
518
527
536
545
556
565
574
585
598
607
616
627
637
647
657
666
675
684
693
704
713
722
732
742
753
763
773
782
791
800
813
831
840
853
863
872
881
893
906
918
931
940
949
963
976
985
996


13
25
35
41
54
67
76
85
92
106
115
136
146
166
184
195
213
224
244
253
262
279
298
311
320
332
349
359
376
396
414
424
441
465
482
503
521
540
557
574
592
613
631
648
665
674
700
711
728
749
770
788
801
812
829
840
852
869
889
906
925
942
960
969
990


20


36
51
60


9
16
27
44
53
70
79
96
113
137
149
172
193
202
212
231
252
265
283
292
309
330
353
371
391
400
417
440
453
470
488
505
524
545
562
574
601
618
637
656
677
696
713
736
753
770
790
808
829
847
864
883
892
909
918
929
952
971
981
990
995


44


17
23
31


53
62
74
91
100
119
139
148
157
181
201
218
227
244
253
272
289
306
315
335
352
369
386
395
412
425
446
467
488
507
528
545
564
581
591
613
633
650
667
685
695
718
729
748
765
774
794
803
820
838
855
872
880
899
922
945
954
961
970
988
997


24
33


9
14


8
14


11
16
24
31
41
62
72
81
104
121
138
147
169
186
194
205
215
224
245
264
281
303
324
344
370
379
398
415
432
451
469
491
509
527
544
561
579
597
616
627
646
663
681
698
718
738
755
766
783
804
822
842
863
884
901
919
936
953
962
979


10


31


9
19
38
44
61
80
100
117
135
156
177
189
209
229
238
256
273
290
311
324
342
364
383
404
421
442
460
480
497
518
537
554
576
597
616
639
658
667
684
702
719
739
756
776
794
815
836
856
865
882
899
916
934
951
968
989


32


9
20
37
58
71
84
101
118
135
145
156
177
194
211
228
250
267
284
302
311
334
356
367
379
399
419
439
459
479
501
518
536
555
567
586
607
628
645
664
677
686
705
726
745
765
787
806
823
840
858
868
885
903
916
933
951
972
981


13
18
29
36
49
56
67
74
83
90
98
107
120
131
148
157
177
194
211
232
249
266
273
292
302
319
338
355
376
393
410
419
430
452
471
488
507
528
549
567
587
607
627
644
665
682
699
718
880
899
918
938
958
975
984
991


10


19
24


9


35
42


20
26
34
54
75
88
105
114
124
145
163
180
203
214
231
258
267
284
306
324
341
350
374
391
408
426
446
463
480
498
516
539
556
573
591
611
630
650
667
684
701
710
728
745
762
781
798
815
832
855
872
890
909
926
948
965
974
992


18


22
31
38
45
52
59
70
79
87
95
102
110
121
128
135
142
155
162
170
181
188
195
204
211
220
227
234
243
250
259
266
273
286
293
300
307
317
324
331
338
345
354
363
370
377
385
392
400
407
418
425
433
440
447
454
462
469
479
487
494
501
511
520
532
540
548
556
566
573
580
588
596
606
613
622
629
644
652
659
666
673
680
687
694
703
710
718
730
737
744
753
760
767
775
786
793
800
807
814
822
830
838
845
855
862
870
877
885
892
900
907
915
922
929
936
943
950
957
964
971
980
987
995


20
29


11
18
25
32
39
56
63
70
77
88
95
102
109
126
133
141
149
162
169
176
183
191
205
221
230
238
245
252
264
271
279
286
296
303
310
317
328
335
342
349
360
367
380
388
396
405
413
422
438
445
453
460
467
476
483
490
499
506
513
520
527
534
542
549
556
563
577
584
591
600
607
616
627
635
642
649
664
671
678
687
694
701
709
716
727
737
744
753
763
770
784
791
798
805
812
822
829
836
843
851
859
866
873
882
889
897
904
912
919
926
933
941
948
955
962
972
979
986
999


49
56
66
77
86
95
106
117
126
136
145
154
166
176
185
194
206
215
224
233
244
253
262
271
284
294
303
312
328
339
348
358
367
376
385
394
404
417
427
436
445
454
463
472
482
491
500
510
519
528
538
547
557
569
578
589
598
607
620
630
643
655
664
675
684
694
704
717
726
735
746
755
764
774
784
795
804
813
822
832
841
852
862
875
887
898
908
917
926
935
944
953
963
972
985
999


12
21
41
62
71
85
102
127
144
161
178
201
222
239
259
285
302
319
336
355
372
395
415
435
454
473
496
514
524
541
558
578
595
612
632
649
667
684
703
725
742
752
769
786
805
822
839
860
884
901
918
937
946
963
983
995


10
19
31
40
57
68
85
102
122
139
160
177
196
213
230
253
270
289
307
329
346
359
379
403
425
442
459
483
506
530
547
567
589
606
627
650
669
690
708
728
755
764
783
801
818
835
852
869
878
895
916
941
961
986


13
19
24
30
35
40
49
54
60
66
71
76
81
86
91
96
106
111
117
124
130
135
140
145
151
157
162
167
172
177
184
189
194
199
204
209
214
220
225
231
240
248
256
263
269
274
279
284
289
294
300
305
310
315
321
329
334
339
349
354
360
365
370
382
387
396
401
407
413
418
423
432
437
442
450
458
463
472
477
484
490
495
500
505
510
519
524
532
537
542
547
554
559
564
569
579
584
593
598
603
608
613
618
623
630
636
641
647
654
659
664
675
683
689
694
703
709
716
723
732
740
745
752
759
767
777
782
788
793
799
804
811
816
821
826
837
855
864
870
875
881
886
891
898
903
908
913
918
923
928
933
941
946
951
956
961
966
971
978
984
991
999


9
16
25
32


12


14
24
36
43
53
76
94
112
129
152
170
179
200
220
237
258
280
301
325
342
365
382
399
421
443
462
480
497
514
531
552
571
589
610
627
645
664
683
703
722
743
763
780
799
816
837
854
874
903
920
932
950
970
980
989


10


22


11
16


8


15


8


8


12
20


20


28


7


7


21
26


10


32
37
42
56
65
75
84
93
102
111
120
129
138
150
161
174
184
193
202
211
220
229
238
248
260
269
279
290
301
311
321
330
339
349
359
372
384
394
403
413
427
436
446
457
466
478
489
499
508
518
527
537
548
557
571
580
592
601
610
621
635
644
657
667
681
693
704
713
722
731
742
753
763
773
782
791
800
807
818
830
839
850
863
875
886
895
906
919
928
935
946
955
964
971
983
992


13
25
35
41
54
67
76
85
92
109
118
127
137
146
166
175
195
216
234
253
262
279
298
311
320
341
362
380
398
409
430
453
476
497
515
528
549
566
587
611
631
648
665
674
700
719
739
760
778
799
817
834
852
869
878
895
904
921
942
952
969
984
993


20


36
51
60


9
16
27
45
54
65
79
98
115
134
143
162
173
193
202
219
231
243
253
274
295
313
324
341
358
375
392
413
422
439
458
475
495
504
524
545
562
581
590
607
616
636
656
677
695
714
736
753
770
789
806
823
835
852
873
892
909
918
927
948
971
981
990
995


44


17
23
31


53
62
74
91
100
118
139
148
157
181
201
218
236
245
262
283
300
319
336
353
370
390
407
427
446
467
488
507
528
545
564
581
591
613
633
650
667
684
693
710
719
736
757
774
795
804
813
832
845
868
885
906
923
932
944
965
973
985
997


24
33


9
14


8
14


11
16
25
31
41
61
73
91
104
113
122
139
148
169
188
197
215
224
244
253
270
290
307
327
348
370
389
409
430
451
469
490
509
527
544
561
579
597
616
627
647
668
689
706
726
744
761
778
789
808
827
844
863
884
901
919
936
953
962
979


10


31


9
19
38
45
65
75
85
102
119
130
151
169
189
210
227
251
269
288
307
324
342
364
383
400
420
431
452
475
485
502
522
539
560
571
590
609
630
653
674
691
708
726
747
765
786
804
822
831
848
865
882
899
909
934
951
968
987


32


9
20
37
56
76
85
102
114
134
151
169
178
195
210
228
250
267
284
301
319
336
356
374
393
413
430
450
470
491
511
535
555
572
589
608
626
636
656
677
694
711
733
751
770
787
806
823
832
851
868
885
903
916
935
956
973
980


13
18
29
36
49
56
67
74
83
90
98
107
120
131
148
168
177
194
211
221
232
243
264
273
292
303
315
332
344
507
524
542
559
576
598
615
632
651
672
689
711
731
748
765
782
803
823
840
861
878
890
907
918
937
954
975
984
991


10


19
24


9


35
42


20
26
34
54
75
89
99
116
135
157
169
186
203
215
232
258
267
284
304
321
338
357
374
391
408
425
446
463
484
502
519
539
556
573
591
610
627
647
667
684
701
722
739
758
767
791
812
829
846
863
882
899
917
936
953
964
974
992


18


22
31
38
45
52
59
67
74
84
95
102
112
121
129
136
143
152
164
174
182
189
204
220
228
235
243
250
258
270
277
286
299
307
314
321
328
335
343
360
370
380
387
398
405
413
420
431
438
445
462
469
479
489
496
503
513
520
533
540
547
556
563
570
577
584
592
606
614
621
628
640
648
662
673
680
687
694
705
712
722
729
736
744
753
760
767
775
783
792
799
806
813
820
828
835
843
855
865
872
879
886
893
900
908
924
931
941
948
956
964
981
989
996


20
29


11
18
25
37
44
52
67
75
87
94
101
108
115
122
131
141
149
156
166
173
180
189
197
205
212
219
228
235
245
252
268
275
289
296
315
322
334
342
349
361
373
380
387
394
403
410
418
425
432
441
450
457
465
474
482
490
497
504
511
518
527
534
543
550
557
564
572
579
588
595
602
612
619
627
635
642
649
656
665
672
683
690
697
707
716
723
730
737
744
751
758
766
773
781
788
799
806
813
820
828
835
843
851
859
867
874
881
888
898
905
912
919
926
940
947
954
968
975
986
997


49
56
65
73
94
101
113
122
134
142
151
160
171
183
193
204
218
229
239
248
258
269
278
287
296
308
318
328
341
350
360
369
379
389
402
411
420
429
438
449
462
471
480
490
503
512
521
533
542
554
563
574
583
593
603
612
622
632
643
655
664
675
684
693
709
722
731
740
750
760
769
779
788
795
804
817
827
836
855
865
875
887
898
910
919
928
937
950
959
968
977
986
995


12
26
36
44
53
59
68
79
85
102
111
131
149
162
180
200
217
238
262
283
302
311
328
346
365
382
399
410
427
436
454
475
492
514
534
551
570
587
604
622
639
656
673
691
708
726
735
895
916
925
942
952
971
988


10
19
30
42
54
63
72
90
110
130
147
160
177
197
217
234
253
270
279
297
321
343
360
381
398
416
436
457
474
498
518
535
555
576
602
619
640
659
677
699
716
733
753
770
788
807
824
841
859
878
895
916
941
962
975


13
19
24
30
35
42
49
54
60
66
71
76
81
86
94
99
107
112
117
124
129
137
142
147
152
161
167
177
182
188
194
199
207
213
220
225
230
237
243
248
254
261
266
271
277
284
289
294
302
310
315
321
329
335
343
350
355
360
365
370
376
382
387
395
404
409
414
419
424
433
438
443
451
456
464
469
474
479
484
491
496
502
510
521
526
531
536
544
552
559
564
569
587
596
608
613
618
627
633
641
647
654
659
664
676
681
689
694
703
708
715
721
729
734
743
752
758
767
772
777
782
788
793
801
810
815
820
825
831
836
849
854
864
869
875
880
886
891
898
903
908
915
920
925
931
936
944
950
956
961
969
974
984
991
996


9
16
25
32


12


14
21
38
55
76
93
114
131
152
170
179
189
206
224
245
265
282
301
325
342
365
382
400
421
443
460
480
497
514
531
552
569
589
606
624
645
662
680
697
718
743
763
780
799
816
839
856
874
902
919
936
956
965
982
991


10


22


11


8


15


8


8


12
20


20


28


7
20


7


21
26


10


32
40
51
62
69
78
90
99
108
118
127
136
145
155
165
174
184
194
203
213
221
231
242
251
260
269
279
290
301
311
321
330
340
349
359
371
384
394
403
413
422
432
441
450
459
468
477
489
499
508
519
532
541
550
560
571
580
589
598
607
616
627
637
647
657
666
675
687
698
710
721
730
742
753
763
772
781
790
799
808
818
830
839
850
859
868
880
890
899
908
921
933
942
951
962
972
983
993


13
25
35
41
50
59
68
77
90
106
117
127
136
148
166
175
195
212
221
238
255
267
284
301
311
320
342
359
380
398
411
430
453
470
487
504
521
538
559
578
587
605
622
639
658
679
697
717
738
755
773
790
811
828
840
852
869
878
895
904
925
942
960
969
990


20


36
51
60


9
14
22
31
43
52
65
87
99
115
134
143
153
174
193
202
219
227
244
265
282
291
307
324
333
354
371
389
406
417
440
453
473
493
511
529
547
567
587
604
614
632
641
664
675
696
714
735
753
770
789
806
823
835
852
873
892
909
918
927
952
972
981
990
995


44


17
23
31


53


24
33


9
14


8
14


11
16
24
31
41
60
66
72
81
98
108
120
138
147
169
189
198
209
224
244
253
270
290
307
327
344
370
389
409
430
451
469
490
509
527
544
561
579
597
616
638
657
676
698
715
738
759
777
794
811
829
846
863
884
901
919
936
953
962
979


10


31


9
19
38
44
62
80
100
117
136
157
177
187
204
224
234
251
269
288
307
328
347
364
383
400
419
436
454
475
487
504
524
543
560
580
600
617
639
658
678
699
717
738
755
776
794
815
834
855
876
895
916
934
951
968
989


32


9
18
35
55
64
81
90
101
118
135
146
156
177
194
203
226
238
258
279
296
314
334
355
374
393
412
429
450
469
486
503
523
540
559
581
601
761
778
787
806
823
833
850
870
891
903
916
933
950
959
979
991


13
18
29
37
61
78
90
98
115
131
148
157
177
194
211
229
238
247
264
283
303
312
329
338
357
375
392
406
428
449
470
487
500
660
681
702
722
885
902
919
931
940
958
975
995


10


19
24


9


35
42


20
26
34
54
75
89
99
116
124
135
154
172
181
201
222
231
258
279
299
316
334
352
374
391
408
425
446
464
484
502
519
539
556
573
591
611
631
656
680
701
722
739
756
773
791
810
827
846
863
882
899
918
935
952
963
980
992


18


22
31
38
45
52
59
67
74
84
95
102
112
121
132
139
152
160
170
177
184
205
212
220
228
235
245
252
259
266
276
286
293
300
307
314
323
337
344
355
362
370
377
385
392
399
409
416
425
433
440
449
461
469
476
483
491
498
507
514
521
528
536
548
556
567
574
581
588
596
610
617
624
634
643
652
659
667
675
682
689
697
705
712
722
730
737
744
751
759
767
775
786
793
800
807
814
823
830
840
847
855
862
870
878
885
892
900
907
916
923
930
938
946
956
963
970
981
989
996


20
29


11
18
25
32
43
51
60
67
77
86
93
101
109
124
131
138
145
152
163
175
182
192
203
210
217
228
237
245
252
268
275
283
290
301
308
315
322
329
336
343
350
361
368
379
386
401
408
415
423
430
438
445
459
466
473
482
489
498
505
513
520
527
534
543
550
557
564
575
584
592
600
607
614
624
636
643
650
657
666
676
684
695
702
709
716
723
730
740
751
758
769
776
783
794
801
810
817
824
834
843
851
858
866
873
881
888
895
907
915
923
930
939
946
956
964
973
984
992
999


49
56
67
74
86
96
105
115
125
134
142
151
160
169
178
188
199
208
217
226
239
248
258
271
280
291
303
312
321
330
339
348
357
366
379
389
398
409
418
427
436
445
454
466
479
490
500
509
518
527
540
549
559
568
577
586
595
607
620
629
638
647
656
665
675
684
694
709
719
728
737
746
755
764
774
785
794
804
813
822
832
841
855
865
875
887
898
912
923
932
942
951
960
977
986
995


12
23
36
43
57
66
75
96
108
127
144
162
172
189
200
222
239
261
283
302
319
339
356
373
397
415
435
454
472
496
514
534
551
569
588
605
622
639
656
665
682
703
712
731
752
769
787
805
822
839
861
884
901
917
936
945
962
979
996


10
19
31
40
59
68
85
102
122
139
159
177
197
217
234
253
270
279
297
316
333
352
369
378
403
424
442
459
483
504
528
546
566
585
605
627
650
671
690
709
728
753
770
788
807
824
845
862
879
891
909
926
943
962
987
999


13
19
24
30
35
44
49
54
60
66
71
76
81
86
91
97
102
107
112
117
125
130
138
147
153
158
165
170
177
184
189
194
199
204
209
215
220
225
230
237
242
248
254
264
269
275
280
285
292
297
302
307
315
320
327
332
348
353
359
365
370
379
384
392
398
403
408
413
418
424
429
436
442
451
456
461
473
478
484
489
495
504
509
519
524
532
537
543
552
558
563
568
581
586
597
602
613
618
623
630
636
641
647
653
664
674
680
685
690
702
707
717
731
736
741
751
756
761
770
777
782
788
793
801
810
815
825
835
840
848
854
859
864
869
877
883
888
893
898
903
908
916
921
928
933
939
944
951
956
961
967
974
983
988
993
998


9
16
25
32


12


14
21
38
55
76
94
103
120
138
152
170
179
188
205
224
245
265
282
301
325
342
364
381
399
421
442
462
487
504
522
540
561
578
596
613
630
650
671
688
705
722
743
764
781
799
816
839
856
874
903
920
944
964
988
997


10


22


11
16


8


15


8


8


12
20


20


28


7


7


21
26


10


32
40
50
63
76
86
93
102
115
125
136
148
161
174
183
193
202
211
220
229
238
248
260
269
279
290
301
310
323
332
341
350
362
372
384
394
408
417
427
436
449
459
468
477
487
499
508
517
526
537
548
557
566
578
587
598
608
618
634
643
657
666
675
686
698
708
721
732
742
753
762
772
781
793
806
815
830
839
848
858
870
881
890
899
908
918
927
936
942
951
958
963
972
983
992


13
25
34
40
49
58
76
85
92
109
118
127
144
153
166
175
195
213
234
254
267
284
293
311
320
342
362
381
398
415
424
441
466
486
503
521
540
549
566
583
603
621
631
648
665
674
697
718
738
755
773
782
800
817
834
852
869
889
906
925
942
952
969
984
993


20


36
51
60


9
16
27
49
66
79
96
106
123
140
157
173
193
202
231
240
265
283
292
309
330
354
374
383
392
409
431
452
469
488
505
524
545
566
586
606
616
636
656
677
695
714
736
753
770
790
808
829
847
864
883
892
909
918
927
948
971
981
990
995


44


17
23
31


53
62
74
91
100
117
132
142
153
171
188
201
218
227
244
253
272
299
319
336
353
370
390
407
427
447
467
488
507
528
545
563
580
602
621
640
649
667
685
695
718
735
748
766
783
794
803
820
838
855
872
894
922
945
954
961
970
988


24
33


9
14


8
14


11
16
24
31


10


31


9
19
38
44
62
80
100
117
134
146
158
177
197
214
224
234
251
270
288
307
324
342
364
377
400
420
429
452
475
485
502
522
539
557
578
598
616
639
658
669
691
708
726
747
765
786
804
822
844
864
882
899
916
929
949
967
987


32


9
28
45
64
81
90
101
118
135
145
162
179
196
213
227
249
266
285
302
311
334
351
368
388
409
426
445
463
480
491
501
518
535
555
572
590
607
627
636
656
676
693
705
725
745
765
787
805
822
841
858
875
893
910
921
946
956
965
986


13
18
29
36
49
67
76
93
102
115
132
143
152
162
169
178
195
216
234
252
269
282
303
315
332
344
353
373
390
410
430
452
471
488
507
524
542
559
576
598
615
632
650
672
689
711
731
748
765
782
803
820
838
847
868
887
905
923
940
958
975
995


10


19


9


35
42


20
26
34
42
54
71
79
96
105
114
123
135
156
173
182
202
211
220
242
263
280
299
316
335
352
374
391
408
425
446
463
484
502
519
539
556
574
591
611
630
647
667
684
701
722
744
767
791
810
827
846
863
881
898
917
936
953
974
992


18


22
31
38
45
52
59
67
74
84
95
102
112
121
132
139
153
165
172
182
199
207
222
230
237
244
251
263
270
277
289
296
306
319
326
333
343
355
362
370
380
387
398
405
413
420
433
443
450
457
464
481
488
496
503
510
517
532
539
547
558
566
573
588
595
606
613
620
628
635
642
650
657
664
671
684
692
703
710
717
724
737
744
753
760
772
779
786
793
800
807
825
832
839
848
858
865
872
879
886
893
900
907
918
925
933
941
948
956
963
970
981
988
994


20
29


11
18
25
32
43
55
62
70
80
91
99
110
117
126
133
143
150
171
181
194
203
210
217
227
235
242
252
260
267
279
288
295
302
310
318
328
335
347
354
361
370
380
387
394
405
412
426
433
440
450
457
464
474
481
490
497
504
511
518
525
532
543
550
557
564
572
579
588
595
602
612
619
627
635
642
649
656
664
671
678
687
695
702
709
716
723
730
739
746
757
769
776
783
798
805
816
823
830
837
844
851
859
867
874
881
888
897
905
913
923
930
937
946
953
961
968
975
986
997


49
56
68
79
92
101
111
120
132
142
151
160
171
180
189
200
209
218
231
241
251
261
271
280
289
298
307
318
328
341
350
363
373
385
394
404
417
429
439
449
461
470
479
490
500
510
519
528
538
547
561
570
581
590
601
612
622
632
643
655
664
675
684
694
709
719
728
737
746
755
764
774
784
794
804
813
822
832
841
852
862
875
887
898
910
922
932
942
951
960
970
979
989
998


12
23


10
19
31
43
54
71
88
112
129
146
159
176
196
213
230
252
267
284
302
321
343
360
378
403
425
443
460
483
500
521
538
555
576
605
626
643
660
677
699
716
733
753
770
779
801
825
985


13
19
24
30
35
40
49
54
59
66
71
76
84
90
95
100
105
113
122
127
135
140
145
151
157
164
170
175
180
185
190
204
209
214
224
230
237
242
247
255
261
272
278
283
292
302
307
312
318
323
331
336
343
353
360
365
370
375
380
385
392
398
403
410
416
424
432
437
442
453
459
464
469
476
484
490
495
504
510
519
525
532
537
542
547
556
563
568
576
581
586
591
596
603
608
613
618
634
639
644
649
654
659
664
671
682
690
701
709
715
721
729
735
743
752
758
763
768
777
782
789
794
799
804
809
814
819
825
832
837
849
854
859
867
875
881
886
891
897
903
908
913
918
923
928
933
941
947
952
957
963
969
979
984
991


9
16
25
32
39
46
54
61
72
79
90
97
104
111
123
131
141
149
160
167
175
183
190
197
205
213
220
227
236
250
265
273
290
297
305
312
338
345
353
362
369
376
383
390
400
411
421
428
435
442
449
459
466
477
487
496
503
514
524
531
538
545
553
560
568
576
584
591
598
610
617
624
631
638
650
657
667
676
686
693
700
707
716
727
734
744
755
762
772
780
787
796
803
810
818
833
841
848
855
864
871
878
888
895
903
910
917
926
933
940
947
955
965
972
979
990


12


14
21
38
49
68
91
112
132
152
170
179
189
210
227
245
265
282
301
325
342
365
382
399
421
443
460
480
497
514
531
552
572
589
606
624
643
662
680
697
718
743
764
781
799
817
838
858
875
899
918
935
952
964
988
997


10
17


22


11


8


15


8


8


12
20


20


28


7


7


21
26


10


32
40
50
60
69
78
90
100
109
118
127
136
145
155
165
174
183
193
202
211
221
231
242
251
260
269
279
290
301
311
324
335
344
354
363
372
384
393
402
413
422
432
441
452
462
471
482
494
503
513
524
537
548
557
566
578
587
598
607
616
626
635
644
657
666
675
687
696
705
716
725
734
745
754
763
773
782
791
800
813
823
832
842
851
860
869
881
890
899
909
919
928
935
945
958
963
972
983
994


13
25
35
41
50
60
67
76
85
92
109
118
127
136
146
166
183
195
213
234
254
267
284
301
311
320
344
362
380
398
407
424
441
458
477
496
528
549
566
587
607
624
633
653
672
683
700
709
726
749
770
790
811
828
840
852
869
878
895
904
914
932
952
961
983
992


20


36
51
60


9
16
27
45
54
63
72
81
98
116
125
142
154
172
193
202
219
226
246
258
267
280
301
319
336
345
354
371
389
400
417
438
455
473
493
511
529
547
567
587
604
614
632
642
657
677
695
714
737
748
769
789
806
823
835
852
873
893
912
929
952
972
981
990
995


44


17
23
31


53
58
70
78
89
103
120
140
149
166
181
188
197
210
227
245
262
272
289
306
313
330
343
363
382
400
417
437
454
471
488
507
526
690
699
718
727
748
766
783
800
818
835
854
871
888
906
923
932
944
962
984


24
33


9
14


8
14


11
16
25
31


10


31


9
19
38
45
62
80
100
117
134
151
169
189
209
229
251
269
288
307
325
347
364
383
404
421
439
457
475
485
504
524
544
564
581
600
617
638
659
678
699
717
738
755
775
796
816
836
857
876
895
916
934
951
971
991


32


9
20
37
56
65
84
101
118
139
156
177
194
203
226
250
268
279
296
314
334
351
368
379
399
419
439
458
479
498
517
677
692
709
726
743
756
775
795
816
833
850
870
893
910
926
946
964
981


13
18
29
36
49
56
67
75
92
114
130
143
152
162
179
200
220
232
243
264
283
304
315
332
344
367
388
406
428
449
470
487
507
524
542
559
576
598
615
632
650
672
693
711
731
748
765
782
803
820
839
852
869
887
906
918
931
952
969
990
997


10


19
24


9


35
42


20
26
34
42
49
54
75
89
99
116
135
154
163
180
201
218
235
258
278
299
316
333
342
363
380
397
418
436
453
471
488
505
522
539
556
573
591
611
629
655
674
692
710
728
745
762
772
791
810
827
846
863
880
897
917
936
953
962
979


18


22
31
38
45
52
59
67
74
84
95
102
112
121
132
139
155
174
187
194
202
209
220
228
236
243
250
259
266
276
287
294
301
308
316
323
330
337
345
357
370
377
385
392
400
410
417
425
433
440
447
455
462
469
481
489
496
503
511
518
530
537
551
558
567
574
593
600
607
614
621
628
635
645
652
659
678
685
694
703
710
723
730
741
756
763
778
785
792
799
806
813
820
829
837
844
853
864
871
878
886
893
903
913
920
930
941
948
956
963
970
977
984
991


20
29


11
18
25
32
43
55
62
73
81
93
100
107
114
121
131
140
147
154
164
171
178
194
205
212
221
228
235
242
259
266
274
283
290
297
307
315
322
334
341
354
361
368
381
388
395
405
412
419
426
433
444
451
458
465
473
482
489
498
506
514
522
532
543
550
557
564
572
579
589
600
607
614
621
630
638
645
652
659
666
676
683
690
697
705
712
719
730
739
746
753
761
769
776
783
791
803
810
817
825
833
843
854
861
868
875
884
891
898
905
912
919
926
933
940
947
954
961
970
977
984
991
998


49
55
64
71
84
94
103
112
121
133
142
149
160
173
182
193
203
212
222
231
240
249
258
268
278
287
296
308
318
328
339
348
358
367
376
385
394
403
412
422
436
445
454
463
474
485
496
505
523
532
541
550
559
569
578
589
598
607
620
632
643
655
664
675
684
693
709
719
728
738
747
757
770
779
788
797
808
817
826
835
844
853
862
875
887
898
910
919
928
937
950
959
968
977
986
995


12
25
36
43
53
64
75
100
109
127
143
155
172
191
209
222
239
248
265
283
302
311
328
346
365
382
396
415
435
454
473
496
513
534
551
570
587
604
622
639
656
667
684
703
731
752
769
787
805
822
839
861
884
901
918
935
944
963
983
995


10
19
30
50
57
68
85
102
122
139
159
177
197
217
234
253
270
279
297
316
333
352
369
386
403
425
443
460
482
499
516
533
555
576
601
618
635
652
669
691
709
728
753
770
779
801
823
841
859
878
895
916
941
961
987
999


13
19
25
30
35
44
49
54
60
66
71
76
85
90
95
100
105
110
117
123
128
135
140
145
151
156
161
167
174
180
187
197
202
207
213
218
223
233
239
249
255
264
271
280
285
293
300
305
311
316
324
329
335
340
350
355
360
365
370
375
382
387
394
400
406
417
423
429
442
447
453
458
463
471
476
483
490
495
500
505
510
516
521
526
531
536
543
551
559
567
572
577
582
587
593
598
603
608
618
623
629
634
639
644
649
654
659
664
671
676
683
689
694
703
709
714
723
729
734
740
745
753
759
767
777
782
788
793
799
804
816
821
826
832
837
846
851
856
862
869
877
883
888
897
903
908
913
918
923
928
933
939
944
949
957
969
977
986
991
996


9
16
25
32
39
46
54
61
72
79
86
93
104
111
118
126
133
141
149
160
167
176
188
195
204
211
218
227
236
245
253
260
269
276
290
300
307
314
321
329
338
345
353
360
368
377
384
392
405
412
421
429
439
446
453
460
469
477
488
496
506
513
520
528
538
545
556
564
574
581
588
595
602
610
619
626
634
642
650
660
667
674
682
689
697
707
714
723
730
737
744
752
759
768
775
782
791
802
810
817
824
831
838
845
852
859
866
873
881
890
897
906
913
921
932
939
946
953
964
971
978
990
998


12


14
24
36
43
53
76
94
112
129
148
165
182
203
220
237
258
280
298
315
341
358
367
389
406
423
443
460
480
497
514
531
554
571
589
606
624
643
662
680
697
718
743
764
781
799
816
838
856
874
902
919
940
957
975
992


10


22


11
16


8


15


8


8


12


20


28


7


7


21
26


10


32


13
25
35
41
50
59
68
77
90
106
117
127
136
146
166
183
197
217
234
253
262
281
298
311
320
342
362
381
398
407
429
438
452
471
489
506
518
537
559
587
608
625
634
653
661
683
696
717
738
755
773
790
811
828
840
852
869
878
895
904
921
942
960
969
984
993


20


36
51
60


9
16
27
45
54
63
72
81
98
115
133
154
173
193
202
219
226
244
265
283
292
309
330
354
374
383
392
409
426
443
464
485
503
523
540
557
576
604
614
632
656
677
695
712
734
746
756
777
796
813
830
847
867
884
902
912
921
937
954
971
990
997


44


17
23
31


53
58
70
81
90
99
119
140
157
166
187
208
218
236
245
262
272
289
306
319
336
346
363
382
400
412
425
442
451
461
470
488
507
527
544
564
581
602
622
640
649
667
685
695
718
730
748
766
783
794
803
820
832
844
854
871
888
906
924
933
938
955
966
983
996


24
33


9
14


8
14


11
16
24
31
41
62
73
91
104
121
138
147
169
189
196
215
224
244
264
281
303
322
343
360
370
389
409
430
451
469
491
509
527
536
559
580
597
616
627
646
663
681
698
715
738
759
777
794
811
830
842
860
869
887
906
917
926
947
958
967
974
991


10


31


9
19
38
45
65
72
81
101
118
131
141
158
177
197
214
224
245
262
279
296
316
333
354
379
399
416
436
453
474
495
516
537
557
570
590
600
617
639
658
667
684
702
717
738
755
775
796
816
836
856
865
882
899
909
934
951
968
975
996


32


9
20
37
58
76
83
101
118
135
146
156
177
194
203
226
243
260
273
290
308
334
351
368
388
405
426
445
459
478
501
522
535
547
564
581
601
619
636
656
676
693
710
727
750
770
787
805
822
840
857
868
885
903
916
935
946
956
973
980


13
18
29
39
48
55
72
83
90
98
107
120
131
148
157
177
198
220
232
243
264
283
303
312
331
353
373
394
406
428
449
470
487
500
660
677
838
847
868
889
907
924
937
954
975
995


10


19
24


9


35
42


20
26
34
54
75
88
105
114
123
144
153
172
189
208
230
247
264
284
301
318
335
352
374
391
409
430
447
464
484
502
519
539
556
573
591
611
629
655
680
701
722
739
756
773
791
812
829
846
863
882
899
917
936
953
970
979
996


18


22
31
38
45
52
63
73
80
91
98
105
112
120
127
134
141
149
156
163
170
181
202
209
219
226
234
243
256
264
271
290
299
306
313
321
329
337
344
352
361
368
377
385
392
399
409
416
425
432
440
447
455
462
469
478
489
496
503
510
518
530
537
552
563
570
579
586
593
600
607
614
621
631
649
662
669
679
687
697
705
713
720
727
735
743
751
759
767
775
786
793
800
807
814
822
829
839
846
855
862
870
878
885
892
899
910
917
924
931
938
946
953
967
974
981
988
995


20
29


11
18
25
32
43
51
62
70
77
86
107
114
121
128
135
142
149
163
175
183
191
206
213
221
230
239
247
255
262
269
276
285
292
299
307
315
328
335
348
355
363
370
378
386
394
401
408
415
425
432
441
450
457
465
472
479
487
494
503
515
522
529
536
543
550
557
564
573
580
592
600
607
614
622
630
637
644
651
658
666
674
681
688
695
702
709
716
725
732
739
746
753
763
770
783
791
798
805
812
819
828
835
843
851
858
865
873
880
887
897
905
915
923
930
937
944
960
970
977
984
991


49
56
67
83
92
104
113
122
134
144
155
166
176
185
194
206
215
224
233
246
255
267
278
287
298
308
318
333
342
351
363
373
385
394
404
414
423
434
444
453
462
471
480
490
500
523
532
542
555
569
578
589
598
607
619
628
638
647
656
665
675
684
693
709
722
731
746
755
764
774
783
792
801
810
819
830
841
852
862
875
887
898
910
919
930
939
950
959
968
977
986
995


12
25
32
57
66
78
88
108
127
144
153
172
191
209
228
245
262
279
296
311
328
346
365
382
399
416
435
454
473
496
514
534
551
570
588
605
622
639
656
665
682
703
725
746
765
782
799
820
837
854
871
884
901
918
939
948
957
974
983
995


10
19
31
40
59
68
85
102
122
139
160
177
197
218
237
254
272
289
306
323
343
360
378
397
416
436
453
473
490
507
529
546
563
580
602
627
649
667
689
708
728
753
770
788
806
824
984


13
19
25
30
35
44
49
55
60
65
70
75
80
86
91
98
104
109
117
122
130
135
140
145
150
156
162
167
175
180
187
194
199
208
213
220
225
235
240
245
250
258
264
269
274
280
285
292
297
302
310
316
323
329
334
343
348
354
359
368
373
379
384
392
401
409
414
423
434
439
444
449
454
459
464
471
477
484
491
496
501
506
511
516
525
531
537
545
552
558
563
568
573
578
584
589
597
603
608
613
618
627
634
642
647
654
659
664
671
683
690
695
702
709
715
722
727
734
740
745
750
757
762
769
777
782
788
793
799
804
815
820
826
831
836
842
849
854
859
864
869
875
881
886
891
897
903
908
913
918
923
928
933
940
945
952
963
969
974
979
984
991
996


9
16
25
32
39
46
55
62
71
80
89
97
104
113
121
128
135
142
149
161
168
176
183
190
202
209
216
223
230
237
244
251
259
266
274
282
291
298
306
313
320
327
340
347
354
362
369
378
385
393
400
407
414
423
430
437
446
453
462
474
482
493
500
507
518
525
538
545
552
559
574
584
592
602
609
616
623
630
637
644
652
663
670
678
688
695
702
712
720
727
734
742
755
762
770
777
784
791
802
810
817
824
831
838
845
853
860
867
878
885
895
903
910
917
926
933
940
947
955
964
971
983
992


12


14
24
36
53
76
93
112
125
147
166
183
203
220
237
258
280
301
325
342
365
382
399
422
443
460
480
497
514
531
552
571
589
606
624
643
662
680
697
718
743
763
780
798
815
838
859
876
903
920
929
946
964
988
997


10


22


11
16


8


15


8


8


12
20


20


28


7


7


21
26


10


32
40
51
60
69
78
90
100
109
118
129
138
150
161
173
182
191
200
211
221
231
242
253
262
271
280
290
301
311
321
330
339
349
362
372
384
394
407
417
427
436
449
459
468
477
489
499
508
519
531
540
549
558
568
578
587
597
606
615
624
635
644
657
666
675
686
696
705
716
732
742
753
763
772
781
790
799
808
818
830
839
848
861
872
882
891
900
909
919
928
936
942
957
966
975
982
987


13
26
50
60
67
76
90
107
127
136
146
166
175
197
210
219
236
245
254
265
282
291
300
317
326
344
353
375
396
414
424
441
458
477
497
515
526
536
557
574
593
613
631
648
665
674
697
718
738
760
778
799
817
834
852
869
878
895
904
921
942
960
969
984
993


20


36
51
60


9
16
27
44
53
70
79
96
113
134
143
154
173
193
202
219
227
244
265
283
292
309
330
354
373
383
392
414
431
452
473
493
512
532
557
576
599
617
636
656
677
696
713
736
753
770
789
806
823
834
851
873
894
918
927
936
952
971
981
993


44


17
23
31


53
58
70
81
90
101
110
120
140
149
166
181
190
210
227
237
259
276
285
298
319
336
353
370
379
539
550
567
579
602
621
640
649
667
684
693
710
719
739
757
774
794
803
820
839
858
868
887
906
925
934
944
965
973
988


24
33


9
14


8
14


11
16
24
31
41
63
73
91
109
120
138
147
169
189
198
215
224
244
264
281
303
322
343
360
370
379
398
415
432
451
469
491
512
529
541
559
580
597
616
627
648
668
689
706
726
744
754
777
794
811
830
842
860
869
887
906
917
926
947
958
967
974
991


10


31
41
61
75
90
109
117
127
145
154
172
192
209
233
250
267
284
302
311
320
331
351
360
379
388
397
416
433
454
475
496
516
533
554
572
581
602
620
633
650
669
679
699
719
738
762
783
795
812
829
848
865
882
903
923
940
957
966
983


9
19
28
38
45
65
75
85
103
116
133
142
159
177
197
214
224
245
262
279
296
316
333
350
367
384
401
420
439
457
475
485
506
526
548
569
590
616
639
658
667
684
702
719
739
756
776
794
815
834
856
865
882
899
916
934
951
968
989


32


9
20
37
56
65
84
101
118
145
156
177
194
211
228
249
266
285
302
319
336
356
374
393
412
429
450
467
486
503
523
540
553
572
590
611
630
647
664
683
700
718
735
756
775
795
816
833
850
868
885
903
916
935
946
956
965
986


13
18
29
36
49
69
78
90
99
264
283
303
312
331
353
370
388
406
428
449
470
487
507
524
542
559
576
598
615
632
651
672
691
711
731
748
765
782
803
820
839
852
872


10


19
24


9


