662.7062
619.2694
643.2679
547.3269
664.27344
557.7639
488.80597
615.21405
626.03094
621.1428
532.9094
580.212
793.15497
805.00885
822.3075
774.2234
810.0202
812.82025
871.4986
788.9333
802.8654
820.9695
833.708
863.971
759.73035
729.8927
776.8735
451.50787
680.26465
720.7107
620.85156
615.7763
690.31274
696.6718
581.59814
749.3531
857.3741
808.37476
773.76514
839.5322
747.08826
750.7632
977.2218
762.0977
747.7408
930.70166
869.13165
859.557
662.7062
625.0591
632.4557
524.92426
664.2733
553.163
471.9368
652.00793
599.116
622.5251
569.6799
580.212
789.4961
805.011
822.3075
804.32794
808.95123
812.81995
871.4986
788.9333
802.8654
820.9695
833.708
863.96643
759.73035
732.31287
776.8736
491.66342
612.6174
720.70734
664.78546
606.0387
690.313
696.6718
578.46344
749.35254
857.3741
817.73566
770.7497
839.5359
742.75714
749.1456
977.2183
831.04614
746.4328
930.69714
869.13165
859.5573
638.9612
617.63776
644.56165
561.94666
664.2734
539.86316
400.1385
637.8191
621.9533
640.6511
536.23846
580.212
786.9243
805.0099
822.3075
804.42554
804.4107
812.81995
871.4986
788.9333
766.24554
820.969
833.708
863.971
759.73035
732.31287
776.8736
468.2275
640.3469
720.70996
619.94006
614.8918
690.31226
696.67206
572.3524
749.35126
857.3741
833.3245
775.0811
839.538
753.616
751.6873
977.2204
766.1322
740.7481
930.69904
869.13165
859.5579
662.7062
616.46106
645.62604
553.44385
664.2732
547.28754
518.56885
638.9006
566.87
626.56836
527.3389
580.212
783.326
766.3768
822.3075
804.32794
806.21387
812.8216
871.4986
788.9333
783.8361
820.96936
797.00366
863.96643
759.73035
732.31287
776.8736
504.89398
609.3738
720.7078
603.4467
608.3895
690.31274
696.6719
562.83014
749.3556
857.3741
813.69116
774.0248
839.5343
752.17
751.8822
977.2355
831.0459
842.62213
930.69934
869.13184
859.557
662.7062
602.0165
647.39374
538.6756
656.3752
523.99524
453.2226
652.4352
624.0656
639.35516
556.04144
580.212
792.48926
805.01294
822.3075
791.2189
802.4868
812.81995
871.4986
788.9333
802.8654
820.9695
833.708
863.96643
759.73035
732.31287
776.8736
479.55328
637.8559
720.7067
620.353
623.56824
690.31226
696.6719
567.11395
749.35376
857.3741
823.1621
775.3895
839.5316
756.7442
747.12286
977.2233
831.0459
759.7867
930.70044
869.13165
859.5574
662.7062
603.6609
646.405
530.16907
668.0434
574.5493
511.40753
651.4461
628.56036
645.7652
548.4078
580.212
783.9278
805.0125
822.3075
804.4261
808.37415
812.81995
871.4986
788.9333
802.8654
820.9695
833.708
807.25494
759.7301
732.31287
776.8736
471.96298
620.8926
720.7099
600.6328
620.8465
690.3124
696.6719
579.8426
749.3548
857.3741
820.21674
767.7856
839.53345
741.8136
755.06433
977.22046
764.78656
755.6677
930.6985
869.11346
859.55756
662.7062
606.95654
648.8165
560.06024
664.2732
525.6485
484.86066
642.49225
632.8593
647.1082
553.58136
484.15793
776.432
805.01245
822.3075
804.2932
814.1469
812.81995
871.4986
788.9333
802.8654
820.9695
836.55493
863.971
759.73035
732.31287
776.8736
461.89166
629.02014
720.71
607.88385
628.57825
681.1514
696.6706
583.9818
749.353
857.3741
810.9833
770.2454
839.5365
750.84436
751.77893
977.22
774.9875
753.9945
930.6994
869.13165
859.5577
662.7062
611.705
646.73865
560.7731
664.27325
530.2386
422.6065
639.0662
636.12024
635.0696
536.1514
580.212
788.11395
805.0082
822.3075
804.3289
781.8736
812.82
871.4986
788.9333
765.1484
820.96906
833.708
863.971
759.73035
732.31287
776.8736
464.61215
726.1185
720.7098
609.24713
613.8885
690.3135
696.67194
572.5895
749.35406
857.3741
818.6233
771.4813
839.5332
744.8423
753.04205
977.22656
831.0463
744.6025
930.6992
869.13165
859.55786
662.7062
614.6023
639.6894
566.43304
664.9942
538.9818
447.08414
641.828
613.8444
648.0738
513.4003
462.2154
789.3049
805.01495
822.3075
771.2421
807.58765
812.82
871.4986
788.9333
802.8654
820.9695
833.708
863.971
759.73035
732.31287
776.8736
456.45187
619.4133
720.7069
615.48035
617.77625
690.31226
696.6718
588.4276
749.3576
857.3741
807.11383
785.841
839.53503
741.1988
755.70605
977.2307
771.2312
757.43713
930.7026
869.13165
859.557
662.676
613.44794
646.6184
522.45667
656.20776
531.1068
509.60016
632.7091
619.81445
640.19476
548.6862
580.212
789.3936
805.0086
822.3075
804.42596
801.5509
812.82
871.4986
788.9333
802.8654
820.9695
833.708
863.9665
759.73035
732.31287
776.8736
500.03705
628.76776
720.70984
691.1004
619.8089
690.3131
696.67194
566.5472
749.3531
857.3741
817.2773
773.57355
839.54016
748.0784
759.2685
977.22046
831.0461
757.86566
930.69775
869.13165
859.5581
