35
42


20
26
34
54
75
88
105
114
124
137
147
164
185
203
212
230
247
264
281
306
315
336
353
371
380
398
415
425
435
454
473
490
507
524
546
555
572
589
605
622
647
656
673
692
709
726
743
760
772
789
813
830
847
862
879
896
914
932
952
963
974
983
992


15
23
36
43
52
70
79
89
101
114
131
148
157
174
201
218
236
246
256
273
284
301
321
338
356
370
387
404
425
442
461
470
494
511
671
688
705
722
739
757
774
792
809
969
994


19
29
42
53
63
75
82
89
96
115
123
137
152
159
166
176
187
199
212
219
230
242
251
261
268
279
289
300
311
321
331
340
350
359
368
377
394
403
413
423
434
441
451
462
473
483
493
504
513
524
534
544
554
564
573
582
592
599
610
617
631
638
648
655
665
672
683
690
700
710
718
727
734
741
750
758
768
777
787
794
802
811
818
827
836
846
853
864
871
890
897
914
921
928
939
950
962
969
981
988
995


20
25
34


11
19
26
35
42
53
63
71
80
93
100
107
118
129
143
152
164
171
187
194
205
214
225
236
245
254
262
271
280
289
298
306
315
325
333
345
352
362
371
382
392
404
411
422
430
439
448
458
467
476
486
494
505
513
523
534
541
552
561
572
581
592
599
608
619
626
637
645
655
665
676
686
696
704
715
723
734
741
749
759
768
779
791
798
808
817
830
841
851
860
871
878
886
905
915
922
937
945
952
960
973
984
991


49
54
66
79
86
96
104
111
120
134
144
153
162
171
183
193
202
214
223
235
245
254
266
275
288
297
310
323
332
343
352
364
373
386
396
406
418
428
438
447
458
467
478
498
507
516
526
535
546
556
566
576
585
595
604
611
620
631
640
653
662
672
681
690
700
709
718
727
736
748
757
766
776
787
798
807
820
829
842
851
863
871
883
892
903
913
929
938
952
961
974
985
995


12
21
27
32
39
48
59
68
81
90
100
109
127
143
152
171
189
200
217
238
247
264
281
298
316
335
353
371
388
405
416
577
588
605
622
632
649
663
680
697
719
731
748
765
782
792
810
827
840
860
869
883
900
916
927
944
961
979
996


10
19
30
40
53
70
88
109
119
136
150
163
323
342
359
378
395
416
425
442
459
468
485
502
529
546
563
578
598
615
632
649
667
684
701
718
736
753
766
783
800
809
824
841
858
868
879
890
907
926
944
967
987


13
19
24
30
39
47
54
66
71
76
85
90
95
100
107
115
124
129
134
141
146
155
160
165
173
182
187
197
202
207
215
221
228
237
242
247
252
257
269
274
285
290
295
302
307
313
318
323
328
334
339
348
353
360
365
370
380
385
390
399
406
416
421
427
432
440
449
457
466
475
482
491
498
507
516
524
529
541
548
555
562
569
577
584
593
599
608
614
623
628
637
644
653
658
670
678
687
694
703
709
721
728
735
744
749
756
764
773
778
787
794
803
808
817
824
833
841
850
858
866
873
882
889
895
904
910
919
924
937
944
949
957
969
974
979
984
989
996


9
16
25
32
39
46
57
68
79
87
98
105
112
125
136
143
150
162
170
177
188
199
210
217
227
236
245
255
266
277
287
302
309
321
335
342
351
361
370
380
390
398
409
418
428
435
445
453
463
470
481
488
497
505
514
524
533
543
554
563
572
579
590
599
609
618
629
639
649
657
668
678
688
699
708
719
728
739
748
760
768
779
790
801
811
822
833
843
854
861
871
881
891
905
915
932
939
950
960
975
990
997


11


14
26
43
54
67
84
93
112
125
138
152
170
181
194
203
220
237
258
267
284
293
311
328
345
365
382
406
423
440
452
469
487
504
521
685
703
863
884


10
21
40
49
54
65
72
79
96
105
123
141
150
167
179
204
214
223
242
254
273
294
313
322
339
360
377
394
413
430
453
471
488
497
514
532
551
568
586
603
612
629
647
664
681
846
863
884


22


11
16


8
20
32
43
62
69
88
98
115
124
133
150
171
192
210
227
248
269
289
308
326
343
360
373
390
407
416
433
597
614
631
797
814
977
991


15


8


8


12
19
39
47
56
77
90
99
116
134
151
162
180
198
209
229
246
263
273
290
302
319
342
361
379
396
413
430
451
468
477
494
514
534
552
569
586
607
625
649
666
683
704
868


20


28
33


7
12
18


7


23


10


32
40
49
62
71
83
93
103
115
128
137
153
162
176
185
196
205
215
224
233
242
251
261
270
280
289
301
310
320
329
338
348
357
366
375
384
393
403
412
421
431
441
450
460
469
479
488
497
506
516
525
534
545
554
563
572
582
591
600
609
618
628
637
646
655
664
678
687
696
705
714
723
732
742
751
761
770
779
788
797
809
818
827
836
846
855
865
875
884
894
904
915
928
935
945
963
972
982
987
996


13
25


20


37
50
59
70
80
89
107
116
131
140
160
177
195
214
231
241
258
268
277
295
312
329
346
364
373
384
401
410
423
440
458
475
492
510
519
536
553
574
591
608
626
643
660
677
694
711
728
745
754
771
788
802
811
828
847
856
875
888
905
923
941
950
959
976
985
997


8
14
22
31
43
52
64
85
96
106
115
134
143
154
171
181
198
216
233
242
260
267
280
300
317
329
338
359
376
401
418
435
452
473
490
503
512
524
533
550
567
588
605
622
639
656
673
682
691
705
722
740
749
767
784
805
814
823
835
852
873
891
900
917
938
956
965
974
981
990
995


44
49


17
23
31


48
56
77
87
96
116
133
142
165
178
195
208
225
237
254
272
289
306
313
324
341
359
368
390
407
425
442
452
461
481
498
515
528
545
562
580
599
609
618
635
658
667
684
695
712
721
739
757
781
800
811
829
839
850
860
880
899
922
945
954
959
972
983
995


23


9
14


8


11
16
24
31
42
49
55


10


30
41
49
56
67
75
84
101
120
127
134
145
159
177
186
203
216
233
252
273
283
300
319
336
356
373
391
410
419
440
449
466
475
495
516
533
554
573
582
591
610
628
637
654
671
691
700
721
730
751
768
777
794
956
968
978
987
994


9
19
28
45
65
75
85
103
114
131
140
150
159
177
189
209
229
251
269
288
307
324
341
501
522
539
559
576
741
901
912
925
943
967
987


32


8
13
18
35
55
64
84
101
113
126
135
146
156
177
194
203
226
237
254
265
274
294
311
334
351
368
387
400
417
434
451
472
489
509
526
543
564
581
602
619
636
654
665
683
700
720
737
759
776
795
805
817
834
847
864
885
903
912
931
948
965
974
991


13
18
29
36
49
56
67
75
92
109
120
131
144
165
178
191
203
212
229
246
265
274
283
304
315
332
344
361
373
390
410
419
428
445
462
625
642
663
681
698
718
735
756
773
790
813
830
852
869
889
909
918
937
954
975
984
995


10


19
24


9


35


20
26
34
54
65
75
88
105
124
135
153
162
180
201
218
230
247
266
283
305
322
333
342
362
382
399
413
430
447
464
477
494
512
529
546
563
572
591
608
625
650
667
684
701
719
729
746
909
921
931
952
962
979
988


15
23
36
45
63
77
86
98
110
123
132
142
168
183
192
209
222
239
259
276
293
302
321
338
356
370
387
396
413
431
448
465
482
499
511
528
545
555
574
583
603
622
782
806
823
839
858
875
896
913
939
959
976
990


19
29
38
45
52
62
69
80
91
105
112
122
133
144
154
161
172
182
193
204
217
224
239
249
261
268
279
289
304
311
323
330
339
348
359
368
378
387
397
407
416
427
437
445
456
470
479
490
497
505
515
524
534
541
549
559
568
577
587
596
605
615
624
633
643
651
661
669
677
686
697
704
714
721
731
739
749
756
765
773
782
791
802
811
819
826
836
846
854
861
871
881
889
899
908
918
926
937
953
960
968
975
982
989
996


20
29
37
42
47
52
61
69
79
84
89
94
103
111
118
131
136
142
148
153
158
163
171
176
185
190
198
203
212
217
226
235
244
259
264
271
278
284
291
297
309
315
320
329
335
348
353
360
365
374
383
391
400
406
416
424
432
441
450
458
467
474
483
492
500
508
515
521
530
538
546
553
561
569
574
583
591
597
604
613
620
627
634
642
651
659
667
673
678
685
693
698
705
712
721
728
736
744
751
758
767
773
780
787
795
801
809
817
823
832
840
846
853
861
868
876
884
892
901
909
921
930
945
950
960
968
977
982
992
997


11
19
26
35
46
54
65
72
87
94
106
113
124
145
152
165
172
183
203
210
219
230
237
248
259
271
279
289
298
309
316
325
334
345
354
364
371
382
391
401
410
419
427
436
447
458
467
476
485
496
506
517
527
537
547
558
565
575
586
595
606
615
625
634
643
653
662
671
682
692
703
714
725
735
744
753
762
773
784
795
806
815
824
839
850
861
871
884
894
903
913
924
941
952
959
968
975
986
998


49
54
69
78
91
99
112
119
128
137
146
155
170
184
193
203
215
228
241
251
263
274
283
292
301
312
325
334
344
355
366
375
387
396
409
418
431
440
451
460
471
480
490
499
511
520
529
539
548
559
571
580
591
600
610
619
631
640
652
661
673
682
693
702
711
723
732
744
754
764
776
786
797
805
816
825
837
846
858
867
876
889
898
909
919
932
941
952
964
981
990


12
25
32
58
71
80
98
110
124
136
149
162
172
189
200
217
238
247
264
281
298
311
328
345
363
372
389
406
418
435
603
622
639
656
669
687
706
724
741
765
782
799
818
835
853
870
892
901
918
938
948
958
979
993


10
19
30
47
56
69
88
108
125
145
162
179
196
207
228
245
254
271
289
307
327
344
359
378
397
415
432
449
466
483
501
518
535
560
577
596
614
631
649
666
683
700
717
734
751
768
785
802
824
841
858
871
882
891
916
941
953
962
975
992


13
19
25
30
39
47
54
63
70
79
88
95
100
105
110
115
124
129
138
145
151
156
162
170
176
183
188
195
201
213
221
241
247
254
267
274
282
287
292
301
306
315
320
328
337
342
347
356
368
373
379
384
392
402
412
417
422
429
439
446
455
460
469
479
488
493
500
506
515
520
531
536
543
548
553
562
570
575
584
592
600
607
612
621
628
638
644
651
660
669
674
681
689
698
706
718
723
732
737
747
754
763
770
777
784
789
794
804
809
816
824
832
841
848
857
866
873
881
891
896
902
911
916
923
928
933
941
950
958
963
968
979
984
991
996


9
16
21
32
37
48
55
62
71
78
87
94
103
110
117
131
141
149
162
170
177
186
195
207
217
228
235
243
255
263
274
284
293
305
312
323
332
345
354
364
371
381
391
401
411
420
429
438
448
456
464
473
482
492
501
510
519
528
542
549
558
568
578
585
593
603
612
622
632
640
651
660
671
681
690
700
709
720
729
739
748
760
767
778
785
796
806
817
826
835
844
858
865
875
887
900
907
921
932
939
947
954
965
976
985
992
999


11


14
26
48
67
84
93
112
125
144
161
179
192
210
227
240
258
278
298
315
340
357
521
538
556
573
590
607
625
643
663
672
837


10


22


11
16


8
20
32
43
62
83
104
114
128
149
165
186
206
227
248
268
285
302
326
343
360
373
390
407
424
442
461
484
645
669
831
852
869
890


15


8


8


12


20


28
33


7
12
18


7


23
28


10


32
41
48
65
74
83
93
103
113
122
136
145
156
165
174
186
195
204
215
224
236
245
254
265
274
285
294
304
315
324
333
342
353
362
371
380
389
399
408
417
426
436
445
455
464
473
482
492
501
510
520
529
538
554
563
572
582
591
600
609
618
627
636
645
654
664
673
682
691
700
709
718
727
736
745
754
764
773
783
792
802
811
821
830
840
849
859
868
884
893
905
914
927
936
945
954
963
972
979
988


13
25


20


37
50
59
69
92
110
130
138
160
173
187
198
207
224
241
249
266
278
295
312
325
334
361
378
387
407
418
427
444
453
470
487
504
513
530
539
548
573
590
607
616
633
650
667
684
694
711
728
745
910


8
14
22
31
43
52
65
79
99
113
123
136
149
158
171
189
207
216
229
246
265
283
292
309
318
332
342
353
362
523
540
549
558
575
586
595
612
629
663
680
689
706
722
739
748
769
787
804
821
838
850
867
887
904
921
931
940
952
971
981
990
997


44


17
23
31


48
56
77
86
103
115
132
143
153
171
180
193
210
227
245
262
272
289
306
319
336
348
358
375
392
401
419
437
456
473
490
511
520
537
554
575
592
614
631
644
661
681
698
709
719
736
757
774
792
802
819
836
854
863
888
906
925
932
945
954
959
972
985
995


23


9
14


8


11
16
24
31


10


30
40
56
67
75
84
102
109
115
120
129
151
172
192
209
228
237
257
277
296
312
321
343
360
379
397
416
427
446
464
482
500
517
534
554
573
592
609
626
647
656
668
678
697
715
726
743
761
780
797
814
831
851
860
879
896
913
931
948
966
983


9
20
28
45
64
71
83
92
103
116
133
142
159
177
189
209
229
251
268
288
306
323
340
364
382
399
416
438
455
475
484
647
665
683
706
723
747
764
925
949
971
988


32


8


13
18
29
36
49
56
67
74
83
90
98
115
131
150
168
178
191
203
212
221
230
243
264
273
283
304
315
332
344
353
370
388
407
424
434
452
471
488
499
518
535
552
569
587
607
627
637
646
672
689
850
867
880
900
919
938
945
952
961
978


10


19


9


35


20
26
34
54
65
82
100
109
125
135
153
164
181
201
218
230
247
265
282
292
313
330
347
364
382
399
416
433
443
460
477
494
511
528
545
563
575
592
609
626
643
660
677
694
711
871
892
901
921
952
963
974
986
995


15
23
36
53
63
81
98
110
119
136
154
171
191
208
225
242
253
275
295
321
340
357
370
379
401
418
435
452
469
486
495
512
521
538
555
574
583
600
760
769
806
823
839
852
871
889
902
912
922
941
950
970
981
998


19
29
36
50
62
69
79
86
97
111
118
126
138
153
160
169
177
184
195
204
225
233
244
251
260
269
279
286
296
306
316
332
340
351
359
370
380
392
401
409
420
428
436
448
458
468
477
487
496
505
516
526
535
544
552
559
570
583
592
601
611
619
628
635
645
655
665
672
683
690
699
709
717
726
735
745
755
765
774
784
794
804
811
821
829
840
848
857
866
875
884
894
904
914
929
936
943
950
957
964
981
989
996


20
32
41
46
55
61
66
71
79
85
91
96
101
106
111
118
123
130
137
143
148
157
164
169
175
187
197
202
209
214
219
227
236
241
246
251
262
267
276
281
294
299
309
318
323
328
333
345
352
366
374
379
386
401
406
415
422
429
438
447
452
460
467
475
480
485
496
502
511
517
525
532
540
547
555
562
569
575
583
588
597
603
610
619
627
632
639
647
654
661
668
675
686
692
700
705
710
717
726
734
742
750
756
764
773
780
789
797
805
814
821
829
836
844
852
860
866
873
880
888
896
905
912
920
928
936
946
953
960
973
979
987
992


11
19
26
35
42
56
63
73
84
95
106
114
126
133
140
151
162
169
179
190
202
213
223
234
244
251
262
271
281
291
300
309
316
326
335
343
352
359
370
377
389
397
406
416
425
435
443
453
462
472
484
495
504
520
527
537
548
557
564
574
582
592
600
611
622
631
642
649
660
668
678
688
699
711
722
731
740
750
759
769
779
789
800
807
818
827
835
842
849
856
865
877
884
894
905
913
924
937
948
955
965
973
980
987
998


49
56
72
80
92
101
113
122
134
144
153
162
173
183
193
202
214
221
235
244
253
260
272
283
297
306
317
327
336
348
357
369
378
388
397
408
418
428
437
447
456
467
476
486
495
504
513
522
531
541
550
560
570
579
590
599
610
619
630
639
648
657
672
681
694
703
712
721
730
741
752
761
772
782
793
803
814
823
836
845
859
868
882
891
902
911
921
931
943
954
964
975
984
996


12
26
36
43
59
69
79
88
97
109
127
142
151
160
172
181
200
217
238
247
259
268
287
306
323
340
357
377
397
414
431
449
458
475
492
513
537
547
556
573
590
608
630
648
657
670
688
705
722
739
756
773
791
800
821
838
855
874
892
901
918
937
954
971
988


10
19
31
40
49
68
85
102
119
130
147
154
163
327
344
354
373
383
403
420
437
454
471
482
493
510
527
538
556
575
592
609
627
644
661
678
697
706
724
752
769
783
801
818
835
855
869
878
895
916
937
947
964
986
999


13
19
24
30
39
44
49
55
64
73
86
92
99
108
115
125
130
135
143
150
162
170
176
182
187
192
200
209
214
223
228
233
240
245
250
255
264
269
274
279
292
301
310
315
320
326
334
339
347
363
368
377
386
391
400
409
418
423
429
436
445
452
461
468
475
482
491
500
507
512
521
527
535
542
549
558
566
574
579
589
594
604
610
615
623
632
640
648
658
663
672
681
687
695
704
713
719
726
734
743
750
758
765
772
779
786
795
800
810
816
825
833
845
850
861
866
871
880
886
893
902
908
918
926
935
945
954
959
965
971
979
984
989
994
999


9
16
25
32
39
50
64
77
85
92
101
108
118
129
136
147
159
170
180
191
201
211
221
231
242
253
265
273
283
294
303
314
324
335
344
354
364
373
382
392
399
410
417
427
437
447
456
465
472
482
489
501
510
518
527
535
542
551
561
570
579
589
600
609
620
627
638
646
657
664
675
686
696
704
713
724
733
743
753
761
771
781
791
801
811
821
830
841
850
859
869
876
886
897
905
914
925
935
946
960
972
979
986
993


11


14


10


22


11
16


8
20
31
42
56
66
88
97
106
129
141
165
185
204
225
234
249
270
288
306
326
343
352
374
391
410
430
450
610
632
649
809
973
983


15


8


8


12
19
39
47
56
73
234
247
264
281
298
315
333
354
371
536
555
583
743
763
783
800
821
841
862
883
897
914
927
946
968
979
997


20


28
33


7
12
18


7


23


10


32
40
47
56
65
74
83
93
103
115
124
136
147
157
166
176
185
195
204
214
225
234
244
254
270
279
289
298
307
316
326
336
345
358
367
378
387
397
406
415
424
433
443
452
462
471
480
489
498
507
517
526
536
545
554
563
573
582
594
603
614
623
634
643
659
668
677
686
695
704
713
723
732
741
750
759
768
777
786
795
804
813
824
833
844
853
876
885
905
912
923
933
942
953
968
983
989
994


13
25


20


37
50
59
70
87
102
114
131
140
160
177
194
205
222
231
241
251
260
268
278
295
307
324
333
345
362
379
396
413
430
439
448
457
474
491
509
519
536
553
574
591
608
626
643
660
677
694
711
728
745
754
771
788
807
824
841
871


8


44


17
23
31


48
56
76
86
95
104
114
120
139
148
158
167
178
199
210
219
236
245
254
272
290
299
317
326
343
361
379
388
405
427
436
456
467
476
493
510
521
534
551
567
576
593
615
633
650
667
684
696
708
727
744
757
774
794
803
820
831
848
866
876
888
906
923
932
944
951
961
970
988
993


23


9
14


8


11
16
24
31


10


30
39
57
66
75
90
109
117
127
145
158
177
183
202
215
233
252
273
283
300
318
331
348
365
382
404
423
446
464
482
500
517
535
554
571
590
608
625
634
651
668
681
698
710
719
883
900
910
929
946
956
974
983


9
19


32


8
18
27
44
55
64
81
93
105
126
135
146
156
177
194
203
224
250
267
279
296
308
325
346
363
380
400
419
439
459
619
637
657
677
692
701
710
727
750
770
786
805
818
835
856
876
893
910
926
945
964
973
980
986


13
18
29
36
49
56
68
85
94
103
109
120
131
143
152
163
183
195
216
225
243
264
273
292
304
313
332
344
353
370
388
406
428
445
466
485
502
662
680
698
719
736
901
918
938
952
961
975
984
995


10


19
24


9


35


20
26
34
54
65
82
100
109
124
145
164
185
203
212
221
238
257
276
293
313
333
342
359
376
393
410
427
444
461
478
497
662
679
688
705
722
739
756
765
782
795
812
978
999


15
23
36
45
63
80
90
110
123
133
147
157
174
191
208
225
238
248
265
283
300
313
330
342
351
361
378
395
412
421
438
464
473
492
509
526
543
560
578
738
755
772
789
806
823
836
853
866
883
901
923
941
958
976
989


19
29
36
48
62
69
76
84
93
107
121
128
138
149
156
163
174
181
192
200
212
219
226
237
248
257
268
277
288
296
305
316
326
335
344
355
366
376
383
394
403
414
423
432
442
451
463
470
479
490
499
506
518
527
536
543
551
560
569
578
587
596
605
612
622
629
640
648
658
665
672
681
690
699
707
714
725
734
745
752
759
769
777
787
796
805
812
821
829
839
848
857
866
877
884
895
906
917
933
940
957
964
980
991
999


20
29
34


11
19
26
35
43
51
59
66
80
94
106
113
121
132
144
153
164
171
182
192
203
214
224
237
244
253
264
274
284
294
305
314
325
335
345
354
363
370
381
390
399
409
418
428
437
447
456
467
478
488
497
507
518
528
537
547
558
566
574
585
594
605
615
622
633
643
653
663
673
684
693
703
716
723
730
741
749
759
769
776
794
802
812
822
837
847
857
868
879
890
899
913
923
933
947
954
961
975
987
998


49
55
68
77
88
96
105
118
134
146
155
165
175
187
196
213
221
230
243
253
264
275
288
297
311
323
338
347
360
367
379
388
397
407
418
427
436
446
456
465
474
484
495
504
514
523
534
543
553
563
572
583
593
602
611
620
630
639
658
667
678
687
704
713
724
733
744
754
765
776
786
796
805
815
826
836
848
858
871
880
891
900
911
921
931
940
953
962
975
988


12
25
36
43
59
69
78
88
98
109
127
141
160
170
187
204
222
239
248
266
285
302
319
336
353
362
371
389
398
415
433
454
471
481
498
515
534
551
574
591
602
622
639
656
675
692
709
726
735
752
769
786
805
820
837
854
871
883
900
917
926
945
962
971
988


10
19
31
40
53
62
71
88
112
134
146
163
172
189
200
209
228
245
266
283
302
321
343
360
379
396
413
430
443
460
469
479
496
513
530
547
567
584
601
618
627
644
661
678
695
705
722
739
757
774
791
808
825
985
998


13
19
24
30
35
44
49
54
60
65
71
78
85
90
95
100
107
112
117
123
129
141
150
157
162
167
177
182
187
202
208
215
223
231
240
245
250
255
261
267
275
280
285
292
300
305
311
318
323
336
342
350
355
360
365
375
380
385
392
397
402
411
425
433
444
449
458
463
472
477
483
492
499
508
515
521
530
538
547
555
561
569
578
585
593
603
608
616
624
632
640
649
658
667
673
679
687
695
704
711
721
727
734
741
754
763
772
779
788
797
802
812
817
826
832
845
850
858
863
872
878
890
903
908
915
923
928
934
939
951
956
961
966
971
978
983
992
997


9
25
32
39
49
57
64
71
78
87
94
101
112
123
131
140
149
167
175
186
198
205
213
223
234
244
255
266
277
289
300
308
319
326
337
346
356
363
373
382
392
399
409
418
427
437
444
455
463
473
483
492
502
509
519
526
535
544
552
562
571
578
585
596
605
615
622
632
639
650
657
666
673
683
693
700
709
719
728
735
745
754
763
772
780
791
800
811
821
831
841
850
859
869
880
890
901
909
921
930
941
949
960
976
983
990
998


11


14
26
48
67
84
94
103
114
131
152
169
181
203
212
231
248
265
282
299
309
326
349
509
529
689
710
871


10


22


11
16


8
20
32
43
62
85
106
128
149
165
185
204
225
234
251
270
289
308
326
343
360
370
387
407
424
444
461
484
647
664
830
991


15


8


8


12
19
39
56
73
235
252
273
291
308
325
342
360
520
539
699
862
882
899
918
935
958
975


20


28
33


7
12
18


7


23


10


32
40
49
59
68
77
86
98
108
119
130
149
158
169
178
188
198
209
218
227
237
249
258
268
278
288
297
307
316
325
335
344
353
362
372
381
390
399
408
417
426
436
445
454
464
473
485
494
503
512
521
530
539
548
557
566
575
584
593
602
611
620
629
638
647
656
665
674
684
693
702
711
720
729
738
747
756
765
774
783
792
802
811
821
830
840
849
866
875
886
895
905
912
924
933
944
955
963
972
983
988


13
25
34
41
50
59
70
79
90
107
127
136
146
166
173
191
216
233
244
254
263
280
298
311
321
338
349
359
368
379
396
408
420
437
454
463
480
491
508
674
693
702
723
740
750
768
777
789
806
815
833
851
868
881
890
907
919
937
946
972
990


20


37
50
59
70
80
89
108
117
138
160
177
194
204
222
232
250
268
277
295
312
322
333
343
361
379
396
413
430
440
457
475
492
509
521
530
539
556
566
586
603
620
637
654
676
693
710
727
749
762
779
796
813
830
847
856
873
898
907
924
934
957
974
984
996


8


44


17
23
31


48
56
76
86
105
114
128
138
150
165
178
195
208
225
237
254
272
289
299
316
326
335
348
359
368
385
399
411
428
447
456
467
476
493
510
520
539
549
566
583
593
612
627
646
655
668
828
853
870
880
899
922
932
945
954
959
969
986


23


9
14


8


11
16
24
31


10


30
43
52
61
67
75
84
102
109
115
120
129
151
171
191
208
217
233
250
265
277
296
313
325
343
360
379
397
408
427
436
446
464
482
495
517
535
554
571
592
609
626
647
656
665
674
691
707
726
743
761
780
789
808
825
847
865
887
904
923
940
956
966
983


9
20
28
45
64
75
91
108
125
142
159
169
188
209
229
248
268
430
447
466
475
485
504
521
538
555
576
601
618
782
799
817
837
858
879
896
916
925
949
967
988


32


8
13
18
35
55
65
83
102
114
126
139
156
177
194
203
226
250
268
279
296
308
319
336
356
373
394
411
431
448
465
482
500
664
824
843
860
881
893
910
926
943
964
981


13
18
29
36
49
56
67
74


10


19


9


35


20
26
34
54
66
88
105
114
123
135
152
172
181
201
218
230
247
258
267
276
293
313
334
346
357
374
391
400
418
435
453
474
491
500
662
679
688
706
723
740
752
772
789
809
826
846
864
881
904
921


15
23
36
45
54
71
81
98
110
125
134
151
168
182
191
208
225
246
256
276
293
302
321
338
357
375
392
410
419
428
442
459
480
497
514
532
553
574
583
606
615
632
653
670
687
704
722
882
899
919
936
953
970
982


19
29
36
47
57
67
78
89
96
108
129
136
155
169
180
193
200
207
217
228
238
245
257
267
282
291
299
310
320
330
340
350
360
369
379
392
401
410
422
431
440
449
459
470
477
488
498
509
520
529
537
546
555
565
574
584
592
601
610
619
629
638
648
655
665
672
682
691
701
709
718
726
735
745
752
761
772
780
789
796
805
817
827
834
845
853
864
873
884
892
903
912
923
934
945
957
966
981
988
995


20
29
35


11
19
26
35
42
49
56
65
72
86
97
114
121
130
141
152
161
173
184
197
205
213
224
234
244
253
264
273
284
295
303
314
324
334
345
355
365
374
384
392
406
416
427
434
443
452
463
472
486
494
504
514
523
532
543
552
560
569
577
586
597
607
616
626
637
646
657
667
678
689
702
713
724
734
741
752
762
772
782
792
801
810
820
832
839
853
860
870
878
893
904
917
924
941
949
965
973
983
990
997


49
54
63
76
87
96
105
115
122
133
142
151
160
173
182
193
204
214
223
233
244
253
262
278
296
305
317
328
337
346
357
368
378
396
403
415
424
436
445
455
464
475
484
495
504
514
523
535
544
553
563
572
582
592
601
611
620
631
640
653
662
672
681
690
702
711
723
732
741
751
764
773
784
793
805
814
824
833
840
851
862
873
882
894
903
916
925
938
951
960
975
984
995


12
21
27
32
39
48
57
67
85
102
111
130
141
159
172
181
200
217
238
247
264
284
301
316
333
353
371
388
401
419
436
449
464
481
498
515
524
541
558
575
592
609
622
639
656
665
682
706
715
732
892
901
918
938
950
967
977
986


10
19
31
40
49
69
89
108
125
142
156
173
190
201
212
225
234
255
272
289
307
329
343
360
378
403
425
443
460
469
486
503
521
538
555
573
585
602
613
630
647
664
681
698
715
734
894
910
927
941
953
962
975
987
999


13
19
25
30
39
47
56
64
69
78
84
90
100
105
115
120
125
135
140
156
164
169
174
182
189
194
200
208
216
229
240
245
254
262
276
284
290
295
300
311
318
323
328
335
340
349
354
363
368
378
383
392
397
409
414
424
431
436
441
446
453
460
468
476
482
490
498
507
516
525
534
540
548
553
560
568
576
583
590
599
605
613
620
628
635
644
650
658
663
671
679
688
697
702
712
718
727
732
740
750
756
765
773
779
786
794
801
810
817
825
830
839
845
858
863
872
879
888
893
898
903
914
923
928
938
945
950
956
961
966
971
979
984
989
994
999


9
16
25
32
39
50
66
77
88
99
106
117
127
136
147
160
167
174
182
191
201
211
225
236
246
257
266
277
284
297
304
315
323
334
343
352
363
372
383
394
404
415
424
432
442
449
460
469
478
486
496
505
512
521
530
540
549
559
566
576
585
593
602
612
619
630
640
655
664
674
681
692
700
710
719
726
733
744
755
766
773
784
795
802
818
825
834
845
855
862
873
883
891
902
909
920
930
941
949
958
975
987
999


11


14


10


22


11
16
24
41
50
57
68
78
88
97
104
121
128
137
150
159
177
198
219
237
256
265
283
300
313
331
348
366
386
403
424
441
459
476
489
507
528
555
572
593
753
770
792
809
827
846
863
880
905
922
940
957
975
992


8
20
32
43
62
82
91
109
121
138
147
165
174
186
207
227
246
256
273
290
310
326
343
360
374
391
410
430
447
468
485
502
519
544
561
584
603
771
788
948
969
991


15


8


8


12
20


20


28
33


7
20


7


23


10


32
40
50
61
70
84
95
108
117
127
142
151
164
173
183
193
202
212
221
231
240
266
275
286
295
308
317
327
336
345
358
368
378
390
399
408
417
426
435
444
453
462
471
480
489
498
507
516
525
534
543
554
563
572
582
591
600
609
618
628
637
648
657
666
675
684
693
702
711
720
730
739
749
758
767
776
785
794
804
813
824
833
843
851
860
867
877
884
894
903
914
930
942
951
965
976
985
992
997


13
25


20


37
50
59
70
87
102
111
128
147
165
187
199
216
230
247
267
284
301
311
328
343
361
370
379
396
413
430
447
458
475
492
510
519
536
553
570
591
600
617
777
794
811
820
837
854
872
887
904
921
934
951
974
984
997


8


44
49


17
23
31


48
56
77
86
105
117
132
153
170
179
196
205
217
226
243
259
276
286
305
314
326
346
363
380
398
407
425
443
452
467
476
497
514
531
551
568
586
605
622
635
658
667
685
695
720
737
749
758
767
780
787
804
821
839
853
870
880
899
922
944
951
961
971
983
988


23


9
14


8


11
16
24
31
41
60
65
74
86
95
104
113
122
143
163
169
189
198
209
224
244
253
277
298
315
332
350
370
379
389
408
425
443
452
470
487
506
527
536
555
566
588
605
626
643
662
681
703
720
737
754
777
794
811
830
841
858


10


30
39
59
68


9
19
28
45
54
63
75
85
102
119
129
139
159
177
189
206
224
234
252
269
433
452
475
485
504
521
538
555
572
590
607
616
781
791
801
810
828
841
858
879
896
916
925
949
967
988


32


8
13


13
18
29
36
49
56
67
74
83
90
98
115
131
144
162
171
183
192
209
227
244
264
273
292
303
312
331
353
370
388
406
428
445
462
625
642
651
672
681
703
720
880
901
910
931
945
962
979
990
997


10


19


9


35


20
26
34
54
65
82
100
109
125
147
164
181
203
214
232
251
268
285
298
315
335
352
373
390
407
424
441
451
468
485
502
519
532
541
558
575
592
610
627
787
804
827
844
865
883
900
917
934
947
964
974
992


15
23
36
45
63
77
86
96
114
131
149
163
172
191
208
225
242
256
275
292
303
320
340
357
370
379
396
413
430
447
464
481
498
515
534
558
576
593
610
632
641
658
676
693
710
738
755
915
937
958
976
996


19
29
38
45
52
63
75
82
89
97
110
117
129
140
148
155
162
172
183
192
200
212
219
232
239
249
261
272
281
291
299
310
321
331
339
350
360
371
378
389
397
408
418
427
434
445
456
465
474
485
494
504
511
522
529
539
547
556
565
573
583
590
600
609
618
632
640
648
658
665
674
683
693
702
709
719
729
738
747
755
765
773
782
790
799
810
819
829
836
846
854
864
873
884
894
904
914
925
939
954
962
969
978
987
994


20
25
34


11
19
26
36
43
54
66
73
84
94
101
108
119
128
143
152
161
171
180
190
197
205
213
224
235
244
251
264
271
282
290
301
308
319
326
337
347
356
366
374
383
393
403
411
422
430
437
446
453
464
472
483
493
507
515
526
535
542
553
563
574
582
593
603
613
622
632
642
649
660
671
680
694
702
709
717
727
736
743
753
762
772
783
792
801
808
827
834
845
854
864
878
893
903
914
922
937
945
952
962
969
982
989
996


49
54
69
74
97
104
113
126
136
148
158
167
176
186
196
209
218
235
244
253
262
274
283
297
306
317
326
335
344
354
365
374
387
396
408
417
425
434
443
453
465
474
485
495
504
513
522
531
543
552
564
573
584
593
602
611
621
631
642
651
661
673
682
691
702
711
724
733
742
750
761
770
782
791
804
813
825
834
847
860
869
880
890
899
909
919
930
942
953
965
977
987


12
23


10
19
31
43
54
71
88
109
123
132
152
161
171
188
205
222
241
258
277
289
306
327
344
354
373
390
408
425
443
460
469
479
496
513
531
548
566
575
592
609
629
646
663
680
697
714
729
746
763
783
792
813
825
834
851
868
877
894
917
934
945
962
975
999


13
19
25
30
39
44
49
54
63
68
77
82
89
94
100
105
110
115
120
125
130
139
148
154
159
166
174
179
184
189
198
206
212
223
228
237
246
257
267
272
277
287
292
300
307
312
318
328
335
340
355
360
365
372
377
386
393
402
407
416
422
430
439
446
455
461
470
475
483
488
497
502
517
522
533
541
549
555
563
572
577
586
594
600
607
614
621
628
637
642
650
658
667
674
682
690
699
710
718
726
734
742
751
758
766
775
783
788
796
801
807
817
822
834
839
850
858
867
873
878
887
895
905
910
921
926
938
943
949
960
965
970
981
986
991
996


9
16
27
34
44
51
62
74
83
91
101
108
118
131
138
148
160
167
174
184
199
210
219
226
234
245
255
266
278
285
292
301
312
321
331
341
348
359
367
376
385
394
404
412
420
429
439
448
455
466
473
484
493
502
510
520
527
537
546
556
566
573
582
590
601
608
619
627
639
647
656
664
673
684
693
702
711
721
731
741
751
760
773
781
790
800
808
818
825
834
845
854
863
874
885
896
906
917
928
944
951
969
976
985
992
999


11


14
26
48
67
84
94
103
112
129
143
304
327
344
364
377
394
414
431
594
611
771
791
812
829
850


10


22


11


8
20
32
43
62
82
91
108
120
141
164
171
188
207
227
248
271
288
308
326
343
360
370
387
407
428
589
749
909


15


8


8


12
19
40
49
70
230
239
256
273
290
302
319
342
359
376
394
416
433
456
473
493
512
529
546
566
583
604
626
645
662
823
841
862
883
904
924
942
954
971
992


20


28
33


7
12
18


7


23


10


32
40
50
57
66
75
93
103
119
128
137
148
158
169
178
187
196
206
216
226
235
247
256
265
277
286
296
306
314
324
333
342
353
362
372
381
390
399
408
418
427
436
446
455
465
474
483
492
501
510
519
528
537
546
555
565
574
583
592
602
611
620
629
638
647
657
666
675
684
693
702
712
721
730
739
749
758
770
779
788
797
809
818
828
837
854
863
872
882
893
902
913
923
932
941
955
964
971
977
982
987
992


13
25


20


37
50
59
70
80
101
111
123
140
159
172
189
199
216
229
240
257
275
295
312
329
346
363
380
401
410
427
445
462
479
496
513
673
690
710
727
745
762
923
944
957
966
974
981


8
21
28
37
46
63
72
81
98
115
134
143
154
164
173
182
193
202
212
229
246
257
266
283
292
309
321
338
356
365
382
403
412
429
438
455
473
491
511
529
538
555
564
581
590
607
616
633
642
663
672
689
706
722
731
748
768
777
794
811
820
837
861
870
883
892
913
931
940
957
970
980
997


44


17
23
31


48
56
77
87
94
105
119
139
148
158
167
179
196
205
218
236
246
259
276
287
304
321
341
359
368
390
407
425
443
460
469
488
498
515
528
545
562
579
602
619
636
655
672
690
707
727
744
757
774
793
811
828
852
861
870
879
899
922
944
962
983
995


23


9
14


8


11
16
24
31
41
60
66
72
81
98
109
120
139
148
155
169
188
197
204
214
238
258
267
277
297
309
331
348
370
389
408
417
435
452
469
630
647
668
687
704
721
734
743
761
778
789
808
825
842
859
879
897
914
933
947
958
967
974
991


10


30
41
54
67
75
90
109
116
134
145
154
165
182
192
209
233
252
271
288
312
321
343
360
379
388
397
416
426
590
607
624
637
655
672
683
692
707
717
737
762
922
946
956
974
983


9
20
28
45
65
72
81
101
110
124
141
151
169
188
209
226
246
255
268
288
307
324
341
506
523
544
565
574
592
609
630
653
670
691
709
731
891
916
925
938
967
976
988


32


8
18
35
55
65
84
101
113
126
136
146
156
177
194
203
227
250
259
279
288
308
325
346
363
380
540
553
572
589
611
628
648
657
677
689
698
861
875
893
910


13
18
29
36
49
56
68
85
94
103
109
120
131
143
152
163
183
192
209
226
243
264
273
292
304
313
333
353
370
388
405
416
434
452
471
488
506
523
542
559
576
739
756
773
790
808
817
977
994
999


10


19
24


9


35


20
26
34
54
65
75
88
105
124
135
156
173
190
206
215
232
251
268
285
298
315
332
346
355
372
389
398
415
432
449
467
485
502
520
681
841
859
876
894
911
928
950
969
978
995


15
23
36
45
54
71
89
102
123
132
149
167
180
191
208
217
226
235
253
275
297
314
332
341
358
375
393
410
419
429
446
461
470
487
507
525
535
558
575
592
609
633
652
812
972
991


19
29
42
51
62
79
87
94
101
115
125
137
147
154
165
172
181
192
203
213
225
234
241
256
264
274
284
294
304
311
324
331
342
350
361
372
383
394
402
412
423
433
443
450
465
474
485
496
507
518
527
535
545
555
564
573
582
593
601
612
620
629
637
646
654
661
670
679
686
696
703
713
724
734
741
750
758
769
779
788
797
809
817
827
834
843
852
862
873
882
893
904
913
927
938
947
960
970
984
991
998


20
25
32


11
19
26
35
43
51
62
72
84
93
100
113
120
127
134
142
150
161
168
179
190
204
212
223
230
241
250
259
269
279
288
298
308
318
327
334
345
352
361
371
379
389
398
408
419
426
436
443
453
461
472
479
490
501
511
522
531
542
549
560
570
577
588
598
609
620
629
639
647
657
667
680
692
702
712
723
731
740
750
758
769
778
789
796
807
815
826
837
848
858
868
878
888
900
911
922
937
944
965
973
983
990
998


49
56
66
72
82
94
103
113
122
134
142
151
160
171
183
193
202
212
219
228
237
250
259
271
280
293
304
316
326
338
348
357
367
377
386
397
407
422
431
440
449
459
468
478
489
498
509
518
528
537
547
557
566
577
587
596
605
617
634
643
654
663
674
683
693
703
715
724
736
745
758
767
778
787
801
810
821
829
838
848
858
869
879
888
897
909
918
930
942
951
961
974
987


12
25
36
43
65
75
96
105
124
136
148
165
183
192
210
228
245
257
267
284
301
311
328
346
365
382
391
410
425
442
454
473
492
513
530
539
556
568
585
594
603
620
632
649
667
684
709
726
735
752
770
787
806
823
840
864
882
903
916
926
943
961
980
995


10
19
31
40
49
68
85
102
119
136
149
169
188
197
220
237
254
271
289
306
327
344
353
370
390
416
433
450
459
476
636
659
669
680
698
715
732
892
916
941
953
962
975
984


13
19
25
30
39
47
55
60
65
71
76
88
94
100
106
111
116
124
133
140
150
157
162
168
177
182
189
196
202
208
214
220
225
230
240
245
253
266
272
277
287
293
300
305
312
318
329
334
341
349
360
369
379
384
390
399
405
418
423
430
439
448
457
465
474
483
489
497
507
515
524
529
539
544
553
561
569
577
583
592
601
610
618
625
632
639
648
653
661
668
675
680
687
692
700
707
715
720
729
737
747
752
761
767
773
781
787
796
803
810
818
825
835
842
851
860
865
874
879
888
895
900
906
911
921
926
931
937
942
949
958
963
969
981
986
992
997


9
16
25
35
46
57
68
80
87
94
108
120
127
141
149
158
174
181
200
208
219
228
239
250
258
269
281
290
301
310
320
332
342
352
359
370
379
387
398
408
419
426
436
443
452
462
469
478
489
497
504
513
522
534
541
549
559
569
578
585
593
600
607
618
628
637
648
659
667
677
685
695
703
714
724
733
742
752
763
774
781
791
798
808
818
828
839
850
861
870
879
888
897
915
923
934
941
952
960
970
982
990


11


14
26
49
58
67
84
93
112
125
148
165
184
203
220
237
258
280
298
315
332
341
358
377
394
423
440
452
470
487
508
519
537
554
563
727
745
762
782
943


10


22


11
16


8
20
32
43
62
83
100
109
122
141
162
172
189
198
218
236
254
274
293
302
326
343
360
370
387
407
424
589
613
633
642
808
827
848
865
882
904
924
936
954
971
980


15


8


8


12
19
40
53
71
231
252
273
291
312
321
342
359
376
396
417
434
456
473
493
514
531
699
716
735
753
773
790
957


20


28
33


7
12
18


7


23
28


10


32
40
50
63
71
81
92
105
114
123
135
144
155
162
172
182
192
202
213
222
233
242
252
261
270
281
290
301
311
320
329
339
348
357
367
378
387
397
406
415
424
433
442
452
461
470
479
489
498
507
517
526
538
547
556
566
575
584
594
603
612
621
630
639
648
658
667
677
686
695
705
714
723
733
743
752
761
771
780
791
800
809
818
828
837
846
855
865
875
884
898
907
918
930
941
950
961
970
981
989
994


13
24


20


37
50
59
70
80
92
110
130
147
165
187
197
215
232
250
267
287
305
326
343
361
370
379
388
407
416
425
434
451
468
477
494
654
671
681
690
707
724
741
762
922
945
962
982


8
14
22
31
43
52
64
81
99
111
120
133
143
154
171
181
191
212
230
239
258
267
280
297
307
324
333
342
360
377
399
417
434
451
460
477
488
505
523
540
554
563
573
582
599
617
634
658
667
676
686
703
724
741
767
784
799
808
825
837
847
856
873
890
902
920
938
955
965
974
981
994


44


17
23
31


48
56
77
86
103
122
132
149
165
178
195
208
225
237
254
272
289
306
315
326
335
347
357
367
376
389
398
407
427
440
449
466
483
500
521
530
549
566
583
594
612
627
636
655
672
681
698
708
731
740
751
769
786
800
810
819
829
839
849
859
868
886
904
921
938
955
962
979


23


9
14


8
14


11
16
25
31
41
60
65
74
86
95
104
113
122
143
153
169
188
197
215
224
244
253
270
290
303
321
341
360
370
379
398
415
432
451
469
490
509
526
688
856
873
897
906
917
926
947
958
968
977
990
996


10


30
41
50
57
67
75
90
109
115
120
129
151
171
191
208
217
234
251
260
277
296
313
325
343
360
379
397
416
425
446
464
482
500
519
536
554
573
591
608
625
635
655
672
691
700
717
737
754
767
785
802
819
841
851
872
889
904
923
940
951
960
969
978
995


9
20
28
38
45
54
63
75
85
102
124
142
159
177
189
209
229
251
260
269
286
296
309
326
347
364
383
400
417
438
455
475
484
647
665
686
846
864
886
909
921
940
967
987


32


8
13
18
39
56
76
96
105
126
139
156
177
188
209
219
237
250
267
279
288
308
334
351
368
388
405
415
425
434
452
464
483
500
664
828
991


13
18


10


19
24


9


35


20
26
34
54
65
75
88
105
125
144
153
164
185
203
212
221
238
255
272
289
298
307
335
352
370
387
406
423
442
459
477
494
515
532
549
566
583
600
618
635
652
669
686
703
715
732
749
760
772
790
808
825
842
862
879
898
915
932
950
969
978
995


15
26
36
45
63
77
89
102
122
131
148
157
168
182
196
215
225
243
253
276
294
303
321
340
357
370
387
404
425
442
463
472
494
511
532
558
570
587
604
622
639
656
677
687
704
722
739
756
773
790
799
816
837
854
871
896
920
941
950
970
981
998


19
29
38
45
52
62
69
84
95
106
114
125
136
155
162
170
177
184
198
209
220
234
241
252
260
270
282
291
304
311
321
331
338
354
361
372
382
394
405
416
423
433
443
452
463
479
489
500
509
517
527
534
546
553
565
573
582
589
598
606
613
622
631
641
649
659
669
676
684
693
703
714
721
730
738
748
756
767
777
786
796
803
812
819
829
836
846
856
864
874
884
895
903
913
922
937
948
957
976
986
996


20
29
37
42
48
55
61
70
75
85
93
99
104
109
114
119
129
136
145
150
155
160
170
176
182
187
193
198
209
214
219
224
235
244
254
259
264
269
274
287
292
300
312
317
322
331
346
351
356
368
377
388
397
406
411
421
427
435
443
452
458
469
477
484
493
501
509
514
523
530
538
546
552
561
569
574
583
591
598
604
612
620
627
634
645
650
659
667
673
678
685
692
700
705
712
718
723
731
737
744
751
756
764
772
781
789
797
803
811
816
825
833
841
849
857
866
874
881
889
898
903
908
915
925
930
938
950
959
970
983
988
993


11
19
26
35
46
53
61
76
83
93
107
115
123
133
140
150
160
171
180
191
204
211
222
232
239
249
256
267
278
287
297
306
314
323
333
340
350
358
368
375
385
392
401
410
420
431
439
449
460
472
484
494
504
514
524
534
544
553
562
572
581
591
600
610
620
631
640
648
657
666
676
687
694
705
715
724
734
741
752
759
770
777
788
797
808
818
827
838
847
857
867
878
892
903
914
924
938
945
963
970
977
984
993


49
56
65
72
80
92
101
113
122
134
144
153
162
171
183
193
202
214
221
239
249
258
268
278
289
301
311
322
335
345
354
366
379
388
397
407
419
426
434
443
453
464
473
482
493
502
512
522
531
541
551
560
571
580
590
599
610
619
629
639
649
660
672
681
691
703
712
723
732
742
753
763
773
782
791
804
813
824
833
846
857
868
879
892
901
914
923
936
946
956
966
980
989


12
21
27
32
39
48
58
69
80
98
107
127
141
159
176
185
200
217
238
248
265
283
300
321
338
355
376
396
413
430
448
465
499
516
533
548
565
585
594
603
620
632
649
673
690
707
719
740
757
774
798
820
837
862
882
900
917
926
943
960
971
988
997


10
19
30
47
68
85
102
119
137
160
177
194
211
221
240
257
277
286
307
329
346
357
374
383
400
417
434
454
471
488
505
522
539
548
567
576
593
611
628
645
662
681
698
715
739
756
773
794
807
824
841
863
880
907
924
945
962
975
986


13
19
25
30
39
44
52
57
65
71
76
87
93
98
105
110
115
124
129
135
140
145
150
159
167
172
177
182
189
194
205
210
215
220
225
230
243
248
254
261
266
271
280
285
290
295
300
305
314
319
329
334
341
347
352
360
370
379
384
392
399
410
416
423
430
439
448
457
464
471
479
486
495
501
510
515
525
530
538
546
555
561
569
578
586
594
601
610
615
624
631
640
645
652
660
669
677
686
694
703
712
721
726
733
740
751
758
765
773
778
785
791
800
806
816
822
831
839
845
854
860
867
874
879
888
897
902
907
918
924
937
942
950
956
968
973
979
984
989
996


9
16
38
49
60
71
85
92
99
106
116
126
137
148
157
168
180
188
201
215
222
233
243
250
263
270
281
292
303
314
322
335
344
355
365
377
385
394
404
413
423
432
443
451
461
468
478
485
495
502
510
519
527
536
543
552
562
571
578
593
600
610
617
628
637
646
657
666
675
686
695
705
715
725
735
745
755
762
774
782
793
802
813
823
834
844
855
865
876
891
899
910
917
931
938
952
962
969
976
984
991
998


11


14
26
48
67
84
93
114
131
152
161
181
198
220
237
258
277
298
315
332
341
358
379
396
420
429
450
472
489
509
529
689
702
865
882
903
924
936
956
965
982
991


10


22


11
16


8
20
32
43
62
82
91
100
120
141
163
183
201
218
227
248
270
290
308
326
337
346
510
528
545
564
584
603
622
644
807
828
850
867
888
901
921
941
958
977
994


15


8


8


12


20


28
33


7
20


7


23
28


10


32
40
49
55
65
76
89
99
108
122
132
141
151
163
172
185
194
204
216
225
236
245
254
264
273
282
291
300
309
318
328
337
346
355
365
374
383
392
401
410
421
428
437
446
455
465
474
485
494
503
512
521
530
539
548
557
566
575
584
593
602
611
621
630
639
648
657
666
675
684
694
703
713
722
731
740
749
758
767
776
785
794
803
812
821
833
842
854
863
873
882
893
902
914
924
937
946
956
965
975
982
987


13
25


20


37
50
59
70
80
101
111
124
141
158
175
184
201
218
235
257
274
295
307
326
343
361
378
388
407
418
428
445
466
483
492
502
511
520
537
546
563
723
740
749
766
783
800
809
818
837
846
860
869
888
905
923
940
950
959
972
981


8
14
23
43
52
63
76
89
111
120
137
149
174
193
202
219
230
239
257
266
283
295
313
322
342
360
377
394
411
429
446
467
484
496
513
530
547
564
581
590
607
617
626
643
660
669
692
709
726
747
764
777
786
805
814
831
848
865
882
900
921
938
956
965
974
981
990
995


44


17
23
31


48
56
76
86
103
115
133
143
153
165
178
195
208
225
238
256
266
275
284
297
306
316
325
343
360
378
387
399
411
428
447
461
470
489
507
516
534
551
568
587
604
621
640
649
667
676
685
708
726
744
765
774
784
795
812
825
834
851
860
880
899
908
922
932
945
952
962
985
995


23


9
14


8
14


11
18
31
41
61
73
91
104
121
133
144
153
169
189
198
215
224
244
408
417
435
456
478
490
507
524
541
701
719
739
756
776
797
808
827
841
858


10


30
44
56
67
75
90
109
115
120
129
151
171
191
209
218
231
243
260
277
296
313
325
345
362
374
391
408
426
444
464
482
504
521
531
553
573
592
609
626
647
656
677
694
707
719
738
762
779
805
822
840
860
880
897
910
929
951
960
969
986


9
19
28
45
65
75
91
108
129
139
150
316
325
335
354
371
389
404
421
442
462
479
495
512
532
549
571
590
599
616
639
656
673
691
717
726
747
764
781
798
815
836
857
874


32


8


13
18
29
36
49
56
67
74
83
90
98
107
116
137
144
157
168
177
198
217
236
245
254
271
292
304
315
332
344
353
370
388
406
423
444
453
613
630
651
668
681
699
717
729
746
768
777
797
815
832
852
872


10


19
24


9


35


20
26
34
54
65
82
100
109
124
135
156
173
182
201
218
230
251
268
285
298
315
335
352
371
388
406
423
441
450
610
631
648
667
684
703
720
745
762
772
790
809
826
846
864
881
902
917
934
947
964
974
992


15
23
36
45
52
70
79
89
102
114
131
148
155
173
191
208
225
243
257
275
292
309
327
344
361
381
400
417
430
447
464
481
498
515
532
550
570
581
604
622
784
794
804
821
839
849
866
883
900
921
930
949
966
976
991


19
29
38
45
52
59
66
82
89
96
109
116
125
136
147
154
161
172
180
196
203
217
224
235
243
256
263
270
281
292
302
310
321
330
341
354
365
375
385
394
405
416
424
436
443
453
460
471
478
489
499
508
517
526
535
544
555
564
575
582
592
600
610
618
627
638
647
654
664
671
681
690
698
707
720
727
736
745
756
763
774
783
794
801
810
819
829
839
846
856
864
874
884
895
907
917
928
937
948
955
964
980
987
995


20
25
34


11
19
26
35
42
53
60
68
76
83
90
107
114
124
132
141
151
162
169
187
194
205
216
225
233
245
252
265
272
282
289
298
306
315
322
333
340
350
357
367
375
384
393
404
411
422
432
439
449
458
468
476
487
496
507
517
528
538
547
557
566
576
586
596
606
615
624
634
641
651
662
671
682
692
701
710
720
729
740
749
765
772
783
793
803
814
821
828
837
844
852
862
876
883
893
906
914
930
937
945
953
960
974
981
988
998


49
54
65
72
83
92
101
111
119
130
139
150
160
171
182
195
206
215
226
239
248
261
271
281
292
305
314
326
335
345
357
368
381
390
401
414
423
432
441
450
459
471
480
490
499
511
520
531
541
551
561
573
582
592
601
617
626
637
646
657
668
679
689
704
713
726
735
745
754
766
775
788
795
806
816
824
836
846
856
867
876
887
900
909
919
929
942
949
961
970
981
992


12
21
41
59
66
75
96
106
127
141
162
179
201
215
232
249
266
275
292
311
328
346
365
382
391
403
416
577
594
604
621
638
649
673
690
707
722
731
748
766
783
800
818
835
852
869
883
900
916
925
943
960
977
986
995


10
18
30
47
68
85
102
119
139
152
170
187
197
217
234
252
262
279
296
316
333
351
368
381
403
416
436
453
462
479
496
513
533
557
575
592
752
773
790
807
816
833
845
858
868
891
902
922
945
962
975
984
993


13
19
24
30
39
48
54
63
68
73
80
85
90
95
100
106
112
117
122
129
145
156
162
168
184
189
194
201
208
214
222
229
234
240
247
252
266
271
276
285
290
301
316
324
329
334
340
345
353
359
365
370
378
383
388
397
402
410
422
430
436
445
452
461
469
480
485
493
498
506
515
522
528
537
542
549
554
565
570
580
585
597
602
607
617
623
633
638
647
655
663
671
680
688
693
701
706
711
717
725
732
742
748
758
764
773
782
789
794
809
814
823
828
838
843
851
860
868
874
886
892
899
908
920
929
934
940
956
961
973
978
984
989
994
999


9
16
25
32
39
50
69
76
83
92
99
109
116
125
136
143
159
166
174
185
196
203
217
227
238
246
256
267
277
288
299
307
318
328
337
345
354
364
371
381
388
395
407
416
426
434
443
455
464
474
483
493
502
510
519
527
534
541
551
558
567
576
586
593
604
612
625
633
648
656
668
676
687
694
707
714
725
734
745
755
765
776
785
796
807
817
826
838
849
860
869
878
888
898
909
920
930
939
953
962
969
976
983
995


11


14
26
48
67
84
93
114
131
152
170
189
206
224
245
265
282
299
308
469
486
650
660
679
701
718
744
762
783
804
821
839
856
873
896


10


22


11
16


8
20
32
43
62
82
91
108
128
149
165
185
206
227
248
272
289
452
461
479
496
514
532
549
709
726
887
904
918
942
959
970
983


15


8


8


12
19
39
48
61
78
95
112
125
135
156
169
186
204
211
228
247
264
273
290
302
319
342
360
379
396
413
430
451
468
477
498
521
538
556
580
596
613
778
795
815
836
856
873
890
908
925
942
958
975
992


20


28
33


7
12
18


7


23


10


32
40
50
60
69
78
87
98
107
117
127
137
146
157
166
176
185
194
204
215
224
236
245
256
266
277
286
297
306
315
324
334
343
353
363
372
381
391
400
410
419
429
438
447
456
465
474
485
494
503
513
522
531
540
550
557
567
576
587
596
605
614
623
632
641
651
660
670
679
691
700
709
718
728
737
762
771
780
790
799
809
819
828
840
849
861
870
888
897
906
917
927
938
948
962
971
983
989


13
25


20


37
50
59
70
80
101
112
124
141
160
173
187
197
216
231
251
261
269
278
295
312
322
331
343
361
370
388
408
417
439
448
458
475
492
510
520
537
546
563
585
602
762
779
796
813
830
847
856
873
898
915
933
945
966
974
981


8
14
22
31
37
46
65
79
99
111
136
149
169
198
217
234
253
272
289
300
318
332
342
359
376
402
411
431
448
462
473
490
503
512
523
532
541
560
577
586
595
612
634
662
680
697
714
723
883
893
914
923
936
952
971
981
990
995


44


17
23
31


48
56
77
90
97
107
114
120
137
146
164
181
192
201
219
236
246
259
276
286
305
322
334
343
360
381
398
407
424
433
450
461
470
491
500
517
534
551
568
586
595
614
623
635
658
675
695
707
716
733
748
765
783
795
804
823
844
854
871
880
899
922
932
945
954
961
970
988


23


9
14


8
14


11
16
24
31
42
49
55
63
73
91
104
121
133
140
153
163
169
188
201
210
229
238
258
267
277
296
305
331
348
370
379
398
415
432
451
469
486
507
516
535
555
572
593
610
627
639
656
668
689
706
723
744
904


10


30
46
56
66
75
84
102
109
115
120
129
151
171
182
200
213
222
243
260
277
296
311
320
330
351
360
379
397
416
427
440
459
478
495
516
533
553
573
591
608
625
637
655
672
691
708
717
738
762
924
946
956
974
983


9
19
27
38
45
62
80
101
110
119
130
151
169
189
209
229
246
255
268
288
297
316
333
350
367
384
547
558
576
741
758
776
793
816
836
856
865
885
906
916
935
954
971
988


32


8
13
18
39
60
79
100
109
127
136
145
156
177
194
203
226
250
267
279
296
308
325
346
363
381
394
412
429
446
463
480
498
509
536
553
575
735
755
772
936


13
18
29
36
49
56
67
73
90
98
107
120
131
144
166
177
198
218
227
244
264
273
292
303
315
328
345
367
376
394
407
428
445
466
478
495
512
521
542
559
568
587
604
625
643
660
677
694
711
729
748
767
788
948
968


10


19


9


35


20
26
34
54
75
82
100
109
126
143
153
164
185
203
212
230
247
263
280
303
320
330
347
365
382
399
416
433
593
610
627
644
653
673
691
708
725
742
759
772
791
809
826
846
863
880
897
914
935
952
963
974
991


15
24
35
48
64
81
98
110
122
142
151
168
183
201
222
239
256
275
292
302
321
338
356
370
379
396
413
430
447
607
624
641
659
676
693
710
735
752
774
792
809
969


19
29
36
47
57
68
75
82
89
100
112
122
129
137
151
160
167
181
192
204
213
223
235
244
255
264
274
283
292
299
310
320
328
337
347
358
366
373
384
395
406
417
424
435
445
457
468
476
485
494
505
515
525
535
544
554
565
573
582
592
603
613
620
629
638
648
655
665
672
683
690
700
710
720
729
739
749
756
766
775
785
793
804
811
820
830
839
848
855
864
873
885
894
905
914
925
941
948
956
963
974
987
996


20
29
38


11
19
26
35
43
54
65
75
82
89
96
103
112
119
126
133
140
151
160
170
179
195
204
215
226
237
245
254
263
278
287
297
305
314
321
332
340
351
360
371
382
391
402
410
418
428
439
449
459
470
480
489
497
507
515
526
536
546
556
563
571
581
592
602
611
620
627
638
645
656
664
674
685
694
705
712
722
732
740
750
759
767
778
785
795
804
813
823
836
846
857
864
875
885
896
905
916
935
943
950
957
970
981
988
995


49
54
65
76
89
96
105
115
125
134
144
155
165
174
183
197
206
216
232
242
255
266
277
291
300
311
322
334
344
354
365
375
386
396
405
425
434
446
455
464
474
483
492
501
512
522
531
541
550
561
572
581
594
603
614
623
634
645
654
666
676
686
696
705
715
725
734
745
754
766
775
788
795
806
815
827
836
848
857
869
878
891
900
913
922
931
941
952
965
977
989


12
23


10
19
31
40
49
69
90
109
118
128
150
160
177
190
201
218
237
254
271
289
307
327
344
354
372
390
403
420
437
454
463
473
485
502
511
528
545
562
579
589
606
623
640
660
677
694
711
728
745
762
778
801
818
978
991


13
19
25
30
39
44
49
55
63
71
76
85
90
95
100
107
114
123
129
138
147
156
166
179
184
189
202
207
215
220
225
230
239
246
251
256
261
266
271
280
285
292
300
305
310
318
327
337
342
347
353
362
370
382
392
397
406
413
421
429
440
445
452
461
469
481
486
494
499
508
516
525
533
542
549
558
566
571
582
587
594
603
608
621
626
633
640
649
654
663
671
679
687
695
702
711
718
725
734
739
752
758
764
773
778
784
792
798
806
814
821
828
837
843
851
860
867
877
882
888
897
904
913
918
925
932
942
947
952
958
963
969
974
979
986
991
996


9
16
25
32
39
46
57
68
79
87
94
105
113
123
136
143
153
163
174
183
194
201
210
221
232
240
250
262
271
282
295
308
317
325
336
345
355
364
373
381
391
398
409
418
427
436
445
455
466
475
484
493
502
512
519
527
535
544
554
563
572
579
589
599
607
618
628
637
648
657
666
677
686
694
705
715
723
733
743
753
760
771
779
791
798
808
818
827
838
849
860
871
879
890
898
909
919
934
942
950
958
965
976
985
992
999


11


14
26
43
54
67
84
93
114
125
134
152
170
179
200
220
237
258
278
298
315
332
341
358
377
394
412
429
451
472
636
657
675
696
717
727
748
765
786
803
823
840
857
874
899
919
936
956
965
988
997


10
21
40
46
54
65
72
79
96
105
114
127
140
158
180
202
221
233
250
263
280
299
324
341
361
379
396
406
423
443
604
622
639
659
676
693
710
727
744
767
789
806
823
847
864


22


11


8
20
32
43
62
83
100
109
120
141
162
171
189
198
217
237
256
274
291
308
326
343
360
372
389
407
573
590
608
625
789
807
969
991


15


8


8


12
20


20


28
33


7
20


7


23
28


10


32
40
51
61
71
81
93
105
114
124
134
144
154
163
172
184
193
204
213
231
240
249
258
268
277
287
297
307
316
327
336
345
354
365
374
383
392
401
410
421
429
438
448
457
467
476
485
494
503
512
521
530
539
548
557
566
575
584
593
602
611
621
630
639
648
658
667
679
688
697
706
715
724
733
742
751
760
770
779
788
797
807
816
825
834
843
854
863
875
884
894
903
913
924
937
948
957
964
971
977
982
987
992


13
25


20


37
50
59
70
87
102
130
138
155
165
187
197
216
229
240
257
274
292
301
311
328
343
361
378
388
405
423
440
460
477
494
511
528
545
558
567
584
601
618
635
645
654
674
691
709
726
736
896
913
930
947
957
974
984
996


8


44
49


17
23
31


48
60
70
80
101
110
119
139
148
158
167
179
196
205
218
228
245
259
276
287
304
325
342
363
380
398
407
425
442
454
471
489
508
526
536
545
565
575
592
614
774
783
795
804
813
830
841
850
861
870
880
899
922
932
945
954
961
970
987
995


23


9
14


8
14


11
16
24
31
41
60
65
74
79
91
104
121
133
144
169
178
196
215
224
245
264
281
300
321
339
353
370
379
398
415
425
442
452
461
470
487
509
526
690
707
716
734
751
772
789
798
817
834
855
872
892
906
917
928
947
958
967
974
984


10


30
40
54
75
90
109
115
120
129
151
171
191
215
233
250
265
275
286
303
320
337
346
357
366
375
392
410
419
440
457
476
495
516
533
554
573
582
592
609
626
646
666
683
697
715
732
752
769
786
810
829
848


9
20
28
45
64
71
83
92
102
119
129
139
158
177
188
209
229
246
255
418
435
454
471
633
651
668
691
708
731
748
767
786
803
822
831
848
865
885
909
926
947
957
974
991


32


8


13
18
29
36
49
57
69
78
90
98
107
116
134
157
177
198
217
236
245
254
271
292
305
315
332
344
353
370
388
405
568
577
598
615
625
647
665
674
694
704
721
738
756
775
788
948
969
978
990
997


10


19


9


