733.16455
756.7858
786.5082
678.6195
696.32684
663.4917
639.7575
717.4013
705.6991
685.98206
665.2115
560.56757
905.215
856.742
835.7118
803.7159
915.8719
831.417
874.7771
820.4996
849.7104
845.7684
875.5107
844.4672
775.7603
723.93384
789.2627
657.736
799.86774
723.11597
735.72345
737.15063
714.1084
693.9773
638.20667
778.7298
858.5582
890.2377
823.1832
844.1994
819.64514
889.002
975.026
863.5873
812.7542
929.46967
860.918
868.9687
714.9282
760.8419
772.4233
693.9205
658.33484
644.87195
657.1753
711.48285
723.00134
693.9795
664.43835
560.56757
896.08417
820.29224
835.7118
803.71576
907.1733
831.41113
874.7771
820.4996
819.108
845.7709
880.4349
844.4672
775.7603
723.8849
789.2627
663.5131
799.14465
723.11597
753.59485
726.6849
710.02936
693.9767
639.12115
778.729
858.5582
890.2377
806.0906
844.1981
801.8013
882.001
975.0221
856.3707
847.4839
929.47095
858.27844
868.9705
714.9282
772.7377
766.85034
681.0128
665.8667
645.62335
649.1734
699.0731
726.4335
697.91565
680.9078
560.5681
831.4774
820.29175
835.7118
812.382
917.5978
831.411
874.7771
820.4996
857.3541
845.7684
875.5107
844.4672
775.7603
723.93384
789.2627
658.8593
797.75726
723.11584
731.6686
754.4638
710.02985
693.9767
625.6967
778.72906
858.5582
890.2377
796.91437
844.1973
792.2159
829.2704
975.0219
864.3398
830.54016
929.46954
874.9037
868.965
714.9282
779.55255
772.4225
684.575
703.07
659.22534
648.8269
698.7935
753.9912
681.1847
654.8905
560.56793
885.1681
820.2921
835.7118
803.7153
927.68994
831.4111
874.7771
820.4996
837.9716
845.7684
841.8987
844.4672
775.7603
723.93384
789.2627
664.6631
773.2802
723.1297
734.0004
754.46326
710.02985
693.9767
631.55743
778.729
858.5582
890.2377
799.38983
844.1985
802.1267
874.1305
975.02893
855.9221
813.0834
929.4745
858.27844
868.9712
714.9282
767.9662
768.1648
683.6766
699.3294
665.3086
628.46063
719.83795
716.7414
686.82
681.60535
560.56757
831.478
820.29297
835.7118
796.3849
927.3674
831.41125
874.7771
820.4996
830.19165
845.7684
875.51764
863.06055
775.7586
723.93384
789.2627
645.0151
797.76215
723.11584
748.67194
754.4638
714.12244
693.9773
622.439
778.7301
858.5582
890.2377
866.6081
844.1997
798.7974
872.4224
975.0419
854.4213
808.97375
929.4656
858.27844
868.96704
714.9282
753.841
775.4587
692.34674
687.85364
641.3233
647.14026
709.1866
735.6196
691.3745
664.3255
560.56757
925.9782
820.2905
835.7118
803.81244
936.59924
831.411
874.7771
820.4996
857.9193
845.7684
875.5107
844.4672
775.7603
723.93384
789.2627
666.047
797.7625
723.11584
752.0529
720.79944
710.02985
704.03186
631.22943
778.72833
858.5582
890.2377
846.2968
844.19995
817.9817
886.8658
975.02203
887.52527
849.167
929.4622
860.918
868.96515
714.9282
750.6649
779.3799
675.2427
689.67365
657.5065
637.30774
699.94403
718.18896
696.7659
680.27356
560.56757
900.557
820.2921
835.7118
803.7153
916.69617
831.411
874.7771
820.4996
877.21246
845.7684
875.5107
844.4672
775.7603
723.8849
789.2627
653.25476
833.16144
723.11536
744.42175
724.68677
710.0289
693.9767
641.30145
778.72955
858.5582
883.4938
854.2676
844.1985
807.83734
882.0209
975.0213
858.01807
844.6629
929.47345
874.88556
868.97156
714.9282
764.6999
778.23456
678.8747
654.34906
656.88416
641.35815
709.7103
742.17523
690.23425
674.5506
560.5676
908.75214
820.29236
835.7118
812.38165
920.6009
831.4119
874.7771
820.4996
819.108
845.7709
869.89404
863.06055
775.7586
723.8849
789.2627
668.71265
799.17426
723.11597
722.5734
727.1044
710.0299
693.9767
634.4727
778.729
858.5582
826.6845
840.69073
844.19867
811.49194
873.4887
975.0241
856.36993
830.93396
929.47125
860.918
868.9687
714.9282
761.58624
780.9641
688.2988
690.1403
648.8247
645.4717
697.16254
727.4419
686.5576
665.31396
560.56757
888.42126
820.2926
835.7118
803.7159
907.5418
831.41125
874.7771
820.4996
847.7289
845.77325
875.5107
844.4672
775.7603
723.93384
789.2627
659.11743
799.1757
723.11597
769.0227
734.80164
710.0293
693.9767
632.3345
778.7309
858.5582
837.6141
860.11743
844.2013
823.43036
903.9243
975.0214
864.7411
809.4088
929.4659
858.27844
868.9696
714.9282
756.3213
760.2063
689.6215
693.64166
654.46985
649.23627
709.17725
746.894
702.2371
677.824
560.56757
887.72534
872.22705
835.7118
803.8128
921.2652
831.4137
874.7771
820.4996
830.19165
845.7684
875.5107
863.06055
775.7586
707.1187
789.26324
664.8302
799.8851
723.11597
757.18384
754.46326
714.1096
693.9773
620.10095
778.7297
858.5582
829.27454
854.4032
844.1983
805.2077
879.02606
975.022
856.37146
842.21423
929.47144
858.27844
868.9653
