32	128	1000	800
32	128	1000	800
32	128	1000	800
32	128	1000	800
32	128	1000	800
32	128	1000	800
32	128	1000	800
32	128	1000	800
32	128	1000	800
32	128	1000	800
32	128	1000	800
32	128	1000	800
32	128	1000	800
32	128	1000	800
32	128	1000	800
64	256	1000	1000
64	256	1000	1000
64	256	1000	1000
64	256	1000	1000
64	256	1000	1000
64	256	1000	1000
64	256	1000	1000
64	256	1000	1000
64	256	1000	1000
64	256	1000	1000
256	512	1000	3000
256	512	1000	3000
256	512	1000	3000
256	512	1000	3000
256	512	1000	3000
256	512	1000	3000
256	512	1000	3000
256	512	1000	3000
256	512	1000	3000
256	512	1000	3000
512	1024	20000	5000
512	1024	20000	5000
512	1024	20000	5000
512	1024	20000	5000
512	1024	20000	5000
512	1024	20000	5000
512	1024	20000	5000
512	1024	20000	5000
512	1024	20000	5000
512	1024	20000	5000