36
50
70
79
99
122
143
164
186
206
226
246
267
288
307
327
344
361
381
406
427
447
468
489
513
535
555
576
595
615
632
653
674
695
716
737
755
775
794
814
836
856
873
890
907
925
946
969
989


19
28
42
52
64
88
106
113
130
147
173
192
210
230
251
270
289
301
318
338
359
380
401
423
444
465
485
505
523
540
559
579
600
621
641
661
678
699
721
742
759
772
793
814
836
857
874
894
918
935
952
969
978
996


15
29
49
70
80
91
110
123
144
165
174
196
216
237
256
277
297
318
339
358
376
401
422
442
464
485
506
527
544
564
585
606
627
648
669
689
710
731
748
768
789
809
829
846
866
887
904
921
941
958
976
998


23
34
45
52
62
72
82
92
102
113
124
134
143
153
164
175
185
196
206
217
227
237
244
255
268
282
289
299
310
320
330
341
352
359
370
378
389
398
408
415
425
436
447
458
469
480
491
500
509
520
531
541
548
559
569
579
590
600
610
620
631
638
648
658
669
683
690
701
710
721
732
742
750
757
766
776
787
796
804
811
818
829
840
851
863
871
881
894
905
913
920
931
942
953
960
970
983
992


20
31
41


11
24
31
41
52
63
72
83
90
99
110
121
131
142
153
164
174
185
196
206
217
228
239
249
256
269
276
287
298
307
317
328
338
347
357
367
378
389
398
409
418
429
440
451
459
470
478
488
501
508
519
526
536
546
556
566
576
586
597
608
619
626
637
647
662
670
680
691
702
713
724
733
742
753
763
770
781
790
800
811
821
831
838
848
858
869
879
890
901
912
922
933
942
952
959
968
979
991
998


49
60
71
83
95
104
116
129
142
154
167
180
191
205
217
230
242
255
266
279
291
304
316
331
344
354
367
380
393
406
419
431
440
455
468
484
497
507
516
529
544
556
567
580
592
605
614
623
637
646
660
672
686
698
711
724
736
748
761
771
784
793
806
819
831
844
857
869
882
895
908
920
931
944
955
967
979
992


12
26
35
44
54
67
87
106
115
124
139
160
181
202
222
243
263
284
302
320
340
360
381
400
420
441
462
483
504
525
691
711
732
752
773
792
813
833
853
872
882


10
19
30
51
72
90
110
130
152
171
192
209
229
250
271
292
309
329
351
368
379
401
418
437
459
480
501
518
538
559
576
597
618
640
804
825
986


9
14
19
24
33
43
51
56
63
71
79
88
96
104
113
121
129
138
145
153
161
169
177
185
192
201
206
214
221
229
237
246
255
263
268
276
284
291
300
307
315
324
332
341
349
358
366
375
382
391
399
407
412
421
429
438
446
454
463
470
475
483
492
498
507
516
524
533
541
549
555
564
573
581
589
597
605
613
622
630
638
647
653
662
670
679
687
693
701
707
714
722
730
735
743
751
759
767
775
784
793
801
810
817
826
834
843
850
858
867
876
882
891
896
904
913
919
926
932
941
950
955
962
970
980
985
993


9
20
30
41
51
61
72
83
90
101
112
123
134
145
156
167
177
188
198
209
219
229
239
250
261
271
281
289
300
310
321
330
342
357
366
379
389
399
407
418
428
439
447
457
468
478
489
500
510
521
532
541
551
558
569
576
586
596
603
614
625
636
646
657
668
675
685
696
704
715
724
733
746
757
764
775
786
796
804
815
826
839
849
859
870
877
888
899
909
919
928
938
948
957
968
979
989


12
20
41
51
62
73
93
106
119
139
159
172
185
206
227
248
268
289
309
330
350
363
384
405
424
444
464
483
503
523
543
563
584
595
616
637
658
681
693
706
727
748
767
788
809
828
840
859
879
899
911
929
939
960
981
991


14
33
54
75
95
115
136
157
178
199
220
242
265
284
297
321
341
358
377
399
420
442
462
486
507
528
552
572
594
613
631
652
673
695
717
738
758
779
799
820
840
862
882
903
921
944
964
988
997


11
24
33
42
63
72
79
97
105
125
146
166
187
208
232
253
272
293
313
330
339
360
379
396
409
429
450
471
493
513
532
554
571
594
612
633
654
675
696
717
738
758
778
799
820
841
862
882
902
922
941
958
979


21
31
41
53
72
79
96
109
126
135
161
180
198
219
241
262
281
303
323
340
361
382
403
424
445
464
485
506
527
547
566
587
608
628
648
669
688
708
729
748
768
788
806
827
848
867
885
909
932
950
970
983
993


13
25
44
56
68
78
88
95
109
128
139
158
177
198
218
237
257
266
283
304
323
343
364
384
405
426
448
468
486
507
527
550
570
588
609
630
650
670
688
707
728
745
764
785
806
827
848
869
888
905
924
945
964
984


8
16
29
41
55
68
88
100
120
141
162
183
204
225
246
267
288
308
326
343
362
379
400
421
442
462
483
502
523
544
563
584
603
623
644
664
684
707
728
748
769
789
809
830
847
864
881
902
923
941
958
977
990


14
37
50
72
84
105
122
143
163
185
203
223
243
263
283
304
325
345
368
389
410
430
450
471
492
513
534
553
574
595
616
633
655
676
696
716
735
755
777
798
817
836
854
873
895
916
936
956
973
984


8
27
40
59
79
96
115
128
137
159
171
189
209
229
250
270
290
311
336
500
521
541
561
721
739
760
779
939
961
980
997


8
25
43
56
66
86
107
127
291
312
476
497
661
682
704
721
885


12
25
34
41
48
60
72
93
113
125
145
308
331
352
373
392
555
576
739
756
773
794
815
975
992


20
33
45
51
58
77
86
95
114
136
157
175
193
214
377
540
561
584
606
627
647
811
834
996


29
40
49
60
78
97
118
282
302
323
344
364
384
408
425
443
607
627
792
952
972
989
994


7
18


7
16
28
41
50


21
30
35
40
45
52
60
65
72
78
87
96
103
112
123
130
135
141
146
154
161
166
174
181
189
196
201
210
219
228
236
243
252
257
264
272
281
288
297
304
311
320
327
332
339
348
357
362
371
380
389
394
402
409
419
425
433
438
446
455
463
469
477
482
490
499
506
511
516
524
533
542
551
559
566
574
583
590
598
603
611
617
626
631
639
648
655
663
668
675
680
688
694
703
710
722
727
732
737
746
751
758
763
771
776
783
792
800
807
813
822
831
839
846
854
861
869
880
886
891
900
905
912
921
929
934
939
947
955
963
970
979
984
993


11
17
27


32
40
49
54
66
78
89
106
119
131
142
153
166
175
186
198
210
222
232
241
254
267
278
288
297
307
319
328
341
352
365
378
391
403
412
423
436
447
456
467
483
492
505
514
523
538
551
561
574
587
600
609
625
634
646
660
673
682
695
708
717
729
738
748
760
772
785
795
805
817
829
839
848
861
870
879
892
902
913
923
943
952
962
969
980
988


13
24
45
50
64
84
94
106
117
140
161
179
200
219
236
245
255
266
284
301
314
334
356
374
394
414
425
442
463
485
505
526
538
559
578
590
611
631
648
665
679
699
720
739
760
777
798
815
834
854
871
880
901
919
943
954
971
982
991


20
28
50
70
79
99
120
130
139
150
168
179
200
217
234
253
270
279
299
320
340
360
379
400
412
433
442
464
473
484
505
514
531
549
574
595
613
632
652
673
694
711
720
741
758
767
784
802
813
834
855
873
894
911
929
938
956
969
987


34
45
55
73
92
110
123
140
160
178
197
217
234
254
276
287
308
327
340
361
384
402
421
438
458
477
498
516
536
557
574
592
613
630
651
672
691
852
871
888
908
929
946
957
974
984
997


12
29
37
49
69
90
102
119
136
155
174
192
212
230
242
262
280
300
320
337
354
371
391
401
422
440
452
473
494
511
531
552
574
595
612
623
636
663
683
707
725
745
762
779
798
819
840
850
867
884
894
921
938
949
971
992
999


43
49
54
61
70
83
95
122
134
151
160
179
196
213
230
249
270
288
300
313
332
353
373
386
404
414
427
448
467
489
518
539
559
580
597
608
630
651
668
679
698
716
737
746
763
782
800
821
842
861
883
903
924
941
951
963
972
981
998


17
26
34


50
62
70
81
93
110
119
139
152
173
192
201
220
239
259
287
305
326
346
364
384
401
418
439
456
474
483
503
523
535
556
577
594
613
633
653
670
690
708
726
748
765
782
794
803
823
844
865
886
904
917
926
932
945
957
968
980


23


9
14
21
31
42
48
57
70
82
92
109
121
144
165
186
204
224
244
253
274
294
313
335
356
375
394
411
432
451
468
487
506
526
543
562
582
601
620
641
659
681
704
721
740
759
780
797
815
826
845
862
882
899
916
933
950
960
975
999


8
28
37
44


11
18
31
41
61
73
93
106
119
132
153
170
194
204
214
234
252
274
298
320
341
360
370
391
411
430
451
470
490
509
527
544
561
581
601
621
640
660
677
699
719
739
756
777
794
811
831
854
871
888
907
924
941
960
969
986
999


11
30
39
58
77
86
106
126
138
159
180
197
218
235
247
267
288
307
316
337
356
379
398
416
437
460
477
496
516
537
558
579
597
616
636
653
676
696
714
738
755
772
789
807
816
836
853
873
893
914
931
948
964
973
992


30
43
56
67
75
88
97
109
117
129
150
159
177
198
217
236
247
265
283
301
319
339
360
379
397
417
436
456
477
496
516
533
554
573
594
614
634
654
680
701
721
738
759
779
800
824
848
865
886
905
924
945
965
983


9
19
38
48
68
89
108
129
150
159
178
197
219
239
257
277
296
316
337
355
378
399
419
439
457
475
495
514
536
558
577
597
617
638
658
667
684
704
725
746
765
786
806
827
848
866
885
906
925
943
967
988


32


8
13
18
27
44
62
73
90
101
121
141
161
178
195
208
228
248
268
285
302
314
335
356
374
394
413
432
451
471
489
510
536
556
573
590
611
631
648
665
684
705
726
745
766
788
948
965
986


13
18
29
36
49
56
66
89
107
120
131
151
170
179
199
220
232
249
269
282
303
315
336
354
374
394
411
428
449
610
627
648
671
692
711
731
748
768
791
812
831
852
872
890
907
924
945
962
979
996


9
17


19
26


9


36
50
70
79
99
122
143
164
186
206
227
247
267
288
308
329
352
371
389
410
431
449
470
494
515
536
555
576
595
614
635
656
677
697
719
739
762
781
802
823
842
863
880
903
923
940
960
969
989


19
28
33
52
64
82
99
124
143
163
180
201
221
242
263
282
304
330
351
372
392
413
434
455
477
494
515
532
552
573
596
620
637
655
678
700
717
729
752
773
795
812
829
850
871
890
911
930
950
969
978
996


15
29
49
70
80
91
110
122
142
164
183
201
222
240
261
275
294
318
339
358
375
393
412
433
453
477
497
516
537
558
579
603
624
641
661
688
710
731
755
772
792
815
836
853
865
889
910
927
946
966
976
997


23
34
44
51
62
72
82
92
102
112
123
134
146
158
168
179
190
199
210
221
232
242
253
262
273
281
291
302
313
323
330
341
352
361
372
382
393
404
414
424
435
445
455
466
477
488
495
505
516
527
538
548
559
570
581
588
597
606
617
628
635
646
656
669
681
692
699
707
718
726
737
745
752
763
774
785
794
804
816
827
836
843
852
869
880
891
902
911
921
932
939
949
959
970
978
986
993


20
31
41
46
53
63
70
76
83
92
98
107
113
120
128
137
142
151
156
167
172
181
189
202
211
216
225
234
243
251
258
265
274
283
292
300
308
317
324
332
340
345
354
359
367
376
384
391
399
406
414
422
431
439
448
457
466
475
484
489
497
506
514
519
528
536
545
551
560
568
577
586
594
599
608
617
625
634
643
652
660
667
675
680
688
697
702
710
718
727
736
741
750
759
765
773
780
789
797
806
811
816
825
833
842
850
859
866
871
879
888
895
903
908
917
923
931
939
944
951
958
966
975
980
990
995


11
24
31
41
52
63
70
77
88
99
110
121
131
142
152
163
173
184
194
204
214
225
235
245
256
267
277
287
298
307
314
325
336
347
357
367
379
389
400
410
421
432
442
453
462
472
481
491
502
512
523
536
543
553
562
573
583
594
605
615
626
634
644
654
663
670
680
691
703
714
724
735
745
756
766
777
785
796
807
818
826
837
846
856
867
877
888
899
913
923
933
943
955
962
969
980
991


49
60
71
83
95
108
121
133
146
159
171
184
196
209
221
234
247
259
272
285
297
310
322
335
348
361
374
383
395
408
421
432
445
458
471
483
498
512
524
538
551
564
577
589
602
611
623
637
651
660
672
687
696
708
718
733
745
754
766
776
788
801
814
824
836
848
859
872
884
896
908
920
931
946
956
966
979
992


12
26
35
44
54
67
87
106
124
141
162
180
200
222
239
259
282
302
319
339
360
380
399
410
430
449
468
492
513
533
552
573
590
611
636
654
673
694
711
731
752
773
792
811
832
853
871
884
901
919
940
958
979
988


10
19
31
43
54
74
87
108
129
151
172
192
212
229
250
271
294
312
330
351
368
378
399
420
439
458
480
497
515
536
557
578
600
627
646
667
688
707
728
749
768
789
810
830
849
867
884
905
926
945
962
975
996


9
14
19
24
32
37
44
51
56
64
73
79
88
93
101
109
114
123
131
139
148
155
161
166
174
179
187
196
204
213
221
228
237
244
253
262
268
277
284
292
301
309
319
327
332
341
349
358
366
375
382
390
399
407
415
421
430
439
448
457
465
474
482
491
499
508
517
525
534
543
552
560
569
578
583
592
601
607
616
624
633
641
648
656
665
674
682
691
698
706
713
721
730
739
748
756
765
774
781
789
794
802
809
817
825
832
844
852
860
868
876
884
893
899
904
912
918
926
935
944
953
962
967
976
982
988
995


9
21
34
43
54
64
75
86
96
107
117
128
139
150
159
169
180
191
201
212
223
234
246
256
267
278
289
301
310
321
330
340
351
360
371
382
393
404
415
426
436
447
454
465
475
486
497
508
518
527
539
548
558
570
578
585
593
604
613
620
631
646
653
664
674
685
696
704
715
724
733
746
753
763
774
784
795
804
815
825
832
843
854
861
872
883
893
904
914
925
936
947
956
964
971
981
992


12
20
41
52
72
83
94
115
136
148
169
188
201
222
243
263
284
304
317
330
351
372
392
411
430
449
462
481
493
505
526
545
565
586
606
626
647
668
689
710
723
744
765
785
805
822
832
853
866
885
905
926
945
965
978
992


14
33
54
75
94
114
134
154
176
194
203
224
245
265
285
302
326
349
367
388
409
430
451
472
495
516
537
556
573
594
614
635
656
677
697
718
742
762
783
800
820
840
862
882
903
920
937
946
965
988
997


11
24
33
42
63
73
86
98
115
135
152
169
180
202
222
233
250
263
284
304
324
344
363
384
405
423
443
464
481
498
516
537
554
575
596
624
647
668
689
710
732
750
771
791
811
830
851
872
891
911
932
952
969
990


21
31
43
60
80
97
109
130
148
165
186
209
230
250
270
291
308
328
348
366
384
405
425
446
463
483
503
522
541
555
576
596
617
638
660
678
699
720
741
758
779
801
822
843
861
878
899
919
937
958
983
993


13
25
44
56
68
78
87
104
121
130
149
169
186
204
225
245
266
287
308
328
349
368
384
405
426
448
468
486
507
527
550
570
588
609
629
647
668
688
713
734
753
770
790
810
831
853
872
889
908
931
951
971
989


8
16
29
44
57
68
91
108
129
149
166
187
207
227
248
269
290
310
327
347
368
388
408
430
451
469
489
510
529
549
570
590
611
632
652
672
691
712
733
754
775
796
813
830
851
872
896
913
931
949
969
991


14
33
54
75
88
109
128
148
170
190
208
225
245
266
283
304
325
345
368
389
410
431
451
468
488
507
528
549
570
591
612
629
649
670
692
712
733
754
778
795
815
836
854
873
895
916
937
956
977
994


8
27
38
51
60


8
25
43
53
74
94
114
134
154
173
192
213
233
253
270
290
311
330
351
515
535
556
580
600
620
641
662
825
842


12
25
32
39
48
60
80
97
114
134
155
176
341
362
383
405
565
728
748
768
788
949
968


20
33
45


29
40
49
60
78
98
119
136
153
173
192
212
230
251
272
292
313
334
354
376
397
561
582
603
624
787
807
828
992


7
18


7
16
23
30
43
52
57


21
30
39
46
51
60
65
70
75
80
88
97
106
113
122
128
136
144
149
158
166
175
184
192
200
208
217
226
231
236
243
252
258
263
268
273
280
285
294
301
309
317
325
334
339
347
354
359
366
375
384
389
394
399
408
417
422
430
435
443
452
460
465
474
481
490
499
504
512
518
528
535
540
549
557
566
574
583
591
600
608
614
625
633
638
647
652
660
665
674
680
687
695
701
709
716
722
727
732
737
745
753
760
768
777
785
790
795
800
807
815
822
831
838
845
854
861
869
878
884
891
900
905
912
921
929
937
946
951
958
965
973
981
989
995


11
17
28
35
45
65
76
89
100
118
127
147
157
180
201
220
234
246
267
288
308
325
342
364
381
392
413
433
451
464
485
506
527
547
564
573
591
603
625
647
676
694
711
730
751
771
788
809
826
843
860
875
895
918
938
955
972
981


32
40
49
55
67
79
91
104
115
127
140
153
166
176
188
199
210
224
235
246
257
270
283
294
305
318
328
342
352
365
375
388
399
411
421
431
445
456
467
476
486
500
517
526
536
550
563
574
583
596
609
625
634
646
659
668
678
688
701
714
727
738
749
762
776
785
796
809
819
829
844
853
862
873
884
893
904
914
923
935
947
956
966
977
986


13
23
35


20
28
50
70
79
99
120
130
149
162
179
200
217
234
253
270
279
300
319
331
350
367
384
405
425
442
463
480
499
522
539
556
575
595
614
633
652
673
694
711
723
743
760
777
796
816
839
858
876
895
919
940
950
971
981
991


34
45
55
68
86
104
125
146
159
180
198
209
229
241
258
270
287
307
327
340
361
379
396
418
439
458
476
485
504
525
546
567
586
603
624
643
664
682
692
712
732
746
763
784
802
822
840
860
871
888
898
923
941
950
967
986
997


12
29
37
49
68
80
90
99
111
135
154
172
182
191
212
230
239
257
268
280
300
320
337
354
371
391
401
422
440
452
473
494
511
531
552
569
587
609
629
650
670
689
707
725
746
767
790
809
829
848
867
885
903
914
937
954
971
992
999


43
49
54
61
70
83
95
118
130
142
159
178
199
216
229
239
249
266
287
307
324
335
344
367
379
396
413
434
452
470
490
511
536
553
573
593
610
621
642
664
682
700
721
738
751
768
778
790
810
830
848
859
870
883
903
924
941
958
970
988
998


17
26
33
38


50
62
70
81
92
110
119
139
152
170
192
201
220
239
259
286
305
324
346
364
385
395
415
437
456
474
491
503
524
543
563
580
601
621
640
650
670
690
708
726
748
908
925
945
952
962
983
995


23


9
14
21
31
42
49
57
70
82
92
109
120
141
162
180
201
219
243
264
285
304
324
342
363
380
399
420
440
459
479
499
519
543
563
582
601
620
641
658
678
699
718
739
758
780
800
817
827
845
864
884
905
924
944
962
979
988
999


8
28
37
46
53


11
18
31
41
62
73
93
106
119
133
153
172
193
203
224
245
264
282
302
324
341
360
372
392
411
432
451
472
492
509
527
544
561
581
601
618
638
658
676
698
719
739
756
777
794
811
831
854
872
892
909
926
947
960
979


11
30
39
59
70
87
97
106
126
138
159
180
197
218
235
247
267
288
307
319
339
357
378
397
416
437
459
479
498
519
539
559
581
599
619
636
653
676
696
713
733
754
773
794
815
836
853
873
894
911
929
946
966
983
992


30
43
55
76
97
110
121
140
159
177
198
217
236
249
267
287
308
330
351
372
391
410
431
449
468
488
507
527
547
567
584
602
620
632
653
673
692
712
730
752
769
790
809
829
848
865
886
905
924
945
965
983


9
19
38
48
69
90
109
121
133
151
169
186
209
228
249
269
289
310
332
352
373
390
411
430
450
471
488
505
526
546
567
588
609
630
651
668
678
699
719
739
756
776
799
817
842
863
880
897
916
934
952
970
990


32


8
13
18
39
60
80
101
110
131
151
169
178
196
213
227
248
268
285
302
314
335
356
375
394
413
432
452
471
492
512
533
554
575
595
613
636
656
676
693
705
726
743
760
780
801
821
841


13
18
29
36
49
56
66
87
94
100
114
128
145
307
328
352
367
387
406
428
445
462
483
504
526
544
562
585
606
625
644
665
682
702
722
742
751
770
791
812
831
850
868
887
904
924
941
958
969
990
997


9
17


19
24


9


36
43


19
28
33
52
64
82
99
116
135
155
175
193
214
235
256
277
297
317
338
362
383
401
418
436
454
474
497
518
540
557
570
591
612
632
654
677
694
859
876
896
917
935
952
969
978
996


15
29
49
70
80
91
110
122
143
164
183
201
222
239
260
278
298
319
340
358
375
395
416
437
458
479
501
521
542
562
583
603
623
645
666
688
710
731
756
773
793
814
836
853
865
889
910
927
944
961
970
981


23
34
44
51
62
72
82
92
103
110
118
128
137
148
158
169
180
191
203
213
222
231
242
253
263
273
283
293
304
313
325
334
342
350
359
369
379
390
400
412
423
431
441
448
459
469
476
487
495
506
516
527
538
546
557
568
578
591
598
605
618
629
641
648
658
669
681
690
699
708
719
730
737
748
758
769
776
787
798
805
816
827
834
845
856
864
874
884
894
905
913
925
932
939
950
957
968
977
988
998


20
31
41
46
55
60
65
72
84
90
98
107
112
117
124
129
138
145
154
162
171
180
186
195
202
211
216
224
229
238
243
251
261
268
276
282
287
296
305
311
316
321
326
334
343
348
355
364
369
377
384
391
400
405
413
422
431
440
449
458
465
474
483
492
502
507
515
523
531
540
545
554
563
569
574
582
590
598
608
615
623
632
640
649
657
662
667
675
680
688
696
705
713
721
726
731
737
745
754
763
770
775
783
792
797
806
811
819
824
833
843
850
856
865
871
876
885
894
899
907
915
924
933
942
951
960
968
977
986
995


11
22
29
36
47
58
71
78
88
99
110
121
130
141
151
162
169
179
186
197
207
218
229
239
250
262
272
279
289
298
308
319
328
340
347
357
365
375
382
393
401
411
422
433
443
455
462
472
483
491
502
512
523
536
546
553
565
576
586
597
605
615
626
633
643
652
662
673
683
693
704
714
721
731
742
753
763
774
785
796
807
814
825
836
847
858
869
880
891
899
910
920
931
942
952
962
972
982
993


49
60
71
84
94
103
119
132
145
154
167
180
193
205
218
231
243
256
269
281
293
305
317
330
341
351
363
375
387
399
412
423
435
448
457
469
481
494
504
517
531
544
553
562
574
587
600
610
619
631
644
657
670
681
694
703
716
729
738
750
763
776
785
797
806
819
838
850
859
872
884
897
906
919
931
944
955
967
979
992


12
26
35
44
55
68
81
98
110
127
148
169
186
206
219
239
260
282
299
318
339
360
379
399
420
441
463
484
504
524
541
558
578
602
622
639
656
677
698
719
740
757
777
798
819
837
854
871
883


10
19
30
51
72
90
111
132
152
173
195
212
221
242
262
283
303
322
343
364
383
403
424
445
462
482
503
524
543
565
584
603
625
643
661
682
703
720
880
902
923
942
961
978
995


9
17
26
33
42
47
56
64
72
77
84
89
94
99
108
113
121
130
138
145
154
163
172
181
189
197
206
215
224
233
240
248
256
263
271
276
285
293
300
309
314
322
329
338
347
356
365
374
383
391
400
408
416
425
433
442
448
455
463
472
480
489
498
507
516
524
533
541
549
558
567
575
584
592
600
609
617
625
632
640
649
656
663
672
677
686
695
702
711
720
725
733
741
749
757
765
774
781
790
799
807
816
824
833
842
850
859
867
876
882
891
897
906
915
920
929
937
946
954
962
967
975
982
987
992


9
21
31
38
49
60
71
82
93
103
113
123
134
145
156
167
174
184
195
205
215
226
237
248
258
268
278
289
301
309
320
331
338
349
358
369
379
389
400
407
417
428
438
449
457
468
479
490
501
510
521
532
541
549
558
570
581
591
599
609
620
630
640
649
656
667
674
685
696
706
716
726
733
744
754
763
773
784
792
803
811
823
834
844
855
863
873
883
893
904
914
925
932
943
954
964
971
980
989


12
20
41
52
72
83
103
124
144
157
170
190
210
221
241
261
282
293
314
326
339
359
380
393
415
432
453
474
494
515
536
557
570
590
611
631
652
672
693
706
719
732
752
773
793
805
822
829
850
863
885
905
926
945
965
978
991
999


14
33
54
67
84
94
114
132
152
173
194
211
231
251
271
291
309
328
349
369
390
411
432
452
473
495
516
537
556
573
594
614
635
657
675
696
718
743
764
786
806
826
848
867
884
904
925
944
964
988
997


11
24
33
42
63
73
84
105
122
141
150
167
180
201
221
241
262
283
301
322
340
361
381
402
422
443
462
481
498
516
537
554
575
596
624
643
662
683
703
722
740
760
778
798
819
838
857
878
899
919
939
958
979
992


21
31
42
62
80
90
109
126
135
145
162
183
204
221
238
257
276
296
317
338
359
380
400
421
440
457
476
497
518
539
560
581
598
617
638
660
678
700
721
742
763
785
806
827
848
867
886
909
932
950
970
983
993


13
25
44
56
68
78
88
97
104
121
130
150
169
190
209
227
246
266
283
304
323
343
364
384
406
426
448
468
486
508
528
550
570
588
609
630
650
670
689
713
733
753
770
790
810
831
851
872
892
909
931
951
971
989


8
16
29
44
56
67
88
100
120
141
162
183
203
225
246
267
286
306
326
346
367
388
407
430
452
469
489
510
529
549
570
590
611
632
652
673
694
715
735
756
777
798
819
838
859
879
896
913
931
948
969
991


14
33
54
74
95
116
137
158
177
196
214
231
250
267
288
308
328
348
369
389
410
430
450
471
492
513
534
553
574
595
616
633
654
675
695
715
734
755
778
799
817
835
854
873
894
915
932
951
968
986


8
27
40
59
77
84
105
115
128
137
158
179
200
221
384
405
426
447
610
629
789
806
823
987


8
25
43
56
66
86
107
116
134
154
175
192
213
234
254
274
294
315
335
499
523
544
707
727
888


12
25
34
41
48
60
80
97
114
134
155
172
189
209
230
252
272
293
313
333
353
374
392
412
432
596
617
639
802
823
843
862
882
899
919


20
33
45
51
58
77
86
103
124
141
162
182
203
223
389
410
430
591
612
633
793
814
835
854


29
40
49
60
78
98
119
136
153
173
193
213
231
251
272
292
313
332
353
374
395
412
431
452
472
492
513
532
553
717
881


7
18


7
16
23
30
41
52
57


21
30
39
46
51
58
65
70


11
17
27


32
40
49
57
69
80
92
104
117
130
140
153
166
175
185
197
209
225
234
246
256
269
278
290
299
310
322
334
346
358
370
381
390
399
412
421
432
445
458
467
479
488
500
517
526
536
549
562
575
584
593
602
619
628
640
653
664
676
689
702
714
725
736
746
758
771
783
794
809
818
829
844
853
862
873
884
893
904
915
924
932
944
955
960
971
979
988


13
23
35


20
28
50
70
90
101
122
134
146
159
167
188
200
217
234
254
271
289
302
319
340
359
379
399
410
431
440
458
478
499
520
537
549
566
584
602
624
641
658
679
692
709
720
742
759
768
789
814
834
853
870
888
905
922
935
948
969
981
991


34
45
55
73
82
102
122
143
160
178
189
210
230
251
268
286
308
327
345
365
385
402
421
442
459
479
500
517
538
559
576
587
606
626
645
666
686
699
718
739
762
779
797
814
825
846
871
888
907
928
949
958
975
984
997


12
29
37
46
59
69
79
99
111
135
154
172
182
191
212
230
239
257
268
280
300
320
337
355
374
395
416
434
447
466
484
503
524
545
567
587
609
627
638
659
680
697
714
735
758
777
797
818
835
846
869
888
909
928
949
966
980
997


43
49
54
61
70
83
95
106
125
142
151
160
178
199
216
229
249
270
287
295
307
324
335
344
367
379
396
413
434
456
473
490
511
532
543
563
588
605
624
642
663
683
705
722
739
756
776
794
812
831
848
861
878
896
914
937
954
963
976
986
998


17
26
33
38


50
62
70
81
92
111
132
143
153
173
192
201
219
239
401
418
438
456
475
492
513
534
554
575
593
613
633
653
673
690
708
726
747
766
783
802
819
839
860
877
886
905
922
932
944
962
983
996


23


9
14
21
31
42
49
57
70
83
94
103
122
136
153
173
191
209
228
245
257
266
285
304
324
344
363
384
395
416
433
451
468
487
506
526
543
563
582
601
620
640
658
676
694
716
739
758
780
797
815
826
845
867
888
897
916
933
950
960
979
988
999


8
28
37
46
53


11
18
31
41
61
73
93
106
119
132
153
169
188
201
210
229
250
270
289
307
331
352
372
392
411
432
451
470
491
509
527
544
561
581
602
619
638
658
676
698
719
739
756
777
795
816
833
854
871
888
907
925
946
967
985


11
30
39
58
79
89
100
111
123
144
165
186
207
226
235
252
269
290
312
332
351
372
390
410
430
450
469
488
508
527
547
567
587
606
625
645
662
683
703
724
744
764
781
794
815
836
859
878
902
919
931
948
964
975
992


30
43
56
67
75
89
109
117
129
151
159
177
194
215
235
252
265
287
309
330
350
371
391
410
429
447
465
483
500
519
542
554
573
592
610
629
649
669
690
707
726
744
762
780
801
822
840
859
880
900
922
941
958
975
983


9
19
38
45
65
76
89
108
128
149
169
186
209
228
246
259
278
297
316
337
355
374
394
414
435
454
471
488
507
528
548
569
590
609
630
651
674
692
713
733
750
767
787
808
828
846
865
886
909
929
949
967
990


32


8
13
18
39
59
75
96
105
126
289
310
332
355
374
394
413
431
451
472
492
512
533
554
575
595
613
636
656
676
693
711
732
751
770
790
807
967
973
980


13
18
29
36
49
56
66
89
107
120
131
151
170
179
199
220
232
249
270
292
304
316
328
353
374
394
411
428
448
465
485
506
526
544
562
588
751
770
791
809
830
850
871


9
17


19
24


9


36
50
70
82
101
114
131
144
165
186
206
227
247
268
290
310
331
352
373
393
417
437
458
479
496
515
536
555
576
595
614
635
656
677
697
718
739
762
782
803
821
841
860
878
900
919
939
956
969
989


19
28
33
52
64
89
109
129
142
162
181
201
221
242
263
282
304
331
350
371
391
408
429
450
471
492
512
537
558
578
601
622
648
667
688
708
729
752
773
794
812
831
852
869
878
899
921
941
962
979
996


15
29
49
70
81
101
122
145
166
187
199
222
239
262
283
302
323
344
361
382
403
422
443
463
484
506
527
548
570
591
612
633
654
675
696
717
738
756
773
794
814
836
853
865
889
906
925
944
961
970
981


23
34
44
51
62
72
82
92
103
114
124
135
146
159
169
180
189
200
211
221
232
242
249
260
270
281
291
302
313
324
334
346
356
367
376
383
394
405
416
427
436
448
459
469
478
489
498
509
520
529
539
549
559
566
576
587
596
606
617
628
639
650
657
668
679
690
701
711
723
730
739
750
757
767
778
787
798
808
819
831
841
851
861
872
879
889
902
909
919
930
940
951
961
977
985
992


20
25
32
38


11
22
29
40
51
58
71
78
87
98
110
121
128
139
150
161
169
178
186
196
207
218
228
239
249
256
267
276
287
297
307
318
328
336
347
357
367
378
389
400
408
418
429
440
452
461
472
483
493
504
512
523
536
546
555
562
571
581
592
602
613
622
633
644
654
662
670
680
691
698
708
718
729
736
747
758
766
777
785
796
807
814
824
832
841
852
863
874
885
895
906
917
928
935
943
960
967
974
985


49
60
71
83
95
108
119
132
145
157
170
183
196
209
221
234
247
256
267
279
292
305
316
327
339
353
366
378
388
401
413
426
439
451
464
476
489
501
514
528
537
550
562
575
587
600
610
621
634
643
654
663
674
687
700
713
726
739
752
766
778
789
801
814
824
837
849
861
874
886
899
908
921
933
946
960
973
981
993


12
26
35
44
59
69
82
96
115
124
139
160
181
202
222
242
263
284
302
320
340
360
382
402
423
444
608
630
650
671
691
711
732
752
772
792
811
833
851
870
887
906
924
945
963
983
995


10
19
30
51
72
90
111
133
153
173
195
212
229
247
268
285
305
326
346
366
386
406
425
445
466
485
506
526
547
567
588
608
628
645
654
675
697
717
738
757
774
791
812
833
851
872
882
904
923
943
962
975
999


9
14
19
24
33
42
47
56
63
72
80
89
95
104
112
121
130
139
148
155
163
171
178
187
196
201
208
216
228
237
242
251
260
265
274
283
292
299
308
316
325
333
342
350
358
366
375
382
390
399
406
415
420
428
437
445
454
462
467
476
482
490
498
507
516
524
533
541
549
558
566
575
584
592
600
609
615
623
632
640
645
653
661
670
678
687
693
701
708
717
725
734
742
749
756
765
774
781
790
799
807
816
822
831
840
848
857
865
874
882
891
899
908
917
924
932
937
946
954
962
967
976
981
989
995


9
20
31
41
52
61
71
82
93
104
113
123
134
145
155
165
175
185
196
207
217
227
238
248
258
269
278
289
300
309
320
331
341
352
362
373
384
395
402
413
423
436
447
456
467
477
488
499
507
517
529
536
547
558
568
575
585
600
607
617
625
635
646
656
667
674
685
699
706
715
726
733
746
757
767
778
789
800
807
817
826
834
843
851
861
872
883
893
904
913
924
939
948
959
970
980
989


12
20
41
52
72
83
94
115
136
148
169
188
200
221
243
264
286
307
326
347
366
387
405
426
445
466
487
508
528
549
570
590
611
631
652
673
697
718
738
760
771
783
803
825
842
863
885
903
924
935
955
976
992


14
33
54
67
84
93
114
132
152
173
194
211
231
251
271
291
309
328
349
369
390
411
432
452
473
495
516
537
554
572
593
613
634
655
675
696
718
742
762
783
800
820
840
865
883
903
920
937
947
964
988
997


11
24
33
42
49
58
77
88
97
110
129
150
167
181
202
221
242
255
272
293
313
330
351
372
393
413
434
454
475
493
513
532
554
571
594
611
632
649
669
690
711
731
752
773
794
815
833
856
877
897
918
939
958
981


21
31
43
61
72
90
109
130
148
165
186
208
229
248
267
276
297
318
338
359
380
400
421
440
457
478
497
518
539
560
581
603
624
646
666
688
708
726
743
764
785
806
827
848
867
886
909
932
950
970
983
993


13
25
44
56
68
78
88
97
104
121
130
150
169
190
209
227
246
266
283
304
323
343
364
384
405
425
448
468
486
507
527
550
570
588
610
630
650
670
688
707
728
745
764
785
806
827
847
867
887
905
924
946
964
984
994


8
16
29
41
54
74
87
107
127
149
171
192
212
229
249
270
291
312
336
357
377
397
418
438
459
480
501
518
537
558
576
597
617
641
662
679
696
714
735
756
777
797
814
832
852
874
896
913
931
949
969
991


14
37
53
73
84
105
122
143
163
185
203
223
243
264
284
307
328
348
368
389
410
430
450
471
492
513
533
552
573
594
615
634
654
675
695
715
734
755
777
798
816
836
854
873
895
916
937
948
968
978
987


8
27
40
52
64
74
82
91
104
116
136
147
168
189
207
227
236
256
420
441
605
626
648
669
690
712
872


8
25
43
56
66
86
104
124
145
164
184
204
221
238
259
280
301
322
343
363
527
547
567
587
608
629
649
669
690
712
733
893


12
25
46
70
91
112
132
155
172
184
201
222
239
263
281
298
319
341
505
526
546
567
585
607
627
649
670
691
711
732
896
916
934
944
967
985
994


20
33
45
51
58
77
86
103
124
141
162
180
203
223
243
255
419
440
602
623
644
808
969
986
996


29
40
49
60
78
98
119
136
153
173
192
212
230
251
272
292
315
335
354
376
397
561
725
885
904


7
18


7
16
27
44
50
56
64
71
82
87
107
117
139
146
157
177
196
203
223
240
261
280
299
312
330
340
353
365
385
405
425
444
464
484
503
524
544
567
587
608
625
646
667
688
707
727
744
761
782
803
826
850
867
884
904
921
938
951
970
989


21
30
35
40
45
52
60
65
72
80
88
97
105
113
122
128
136
144
149
158
166
175
184
192
199
208
217
224
229
237
245
253
260
267
275
283
292
297
302
307
317
325
334
339
347
358
368
377
382
391
396
403
412
417
425
433
438
446
455
463
470
477
482
490
499
504
511
519
528
537
544
552
560
567
574
583
590
598
605
614
623
628
633
640
648
653
660
665
674
681
689
697
702
708
713
721
729
736
745
750
758
763
771
777
782
790
799
807
814
823
832
839
847
854
862
870
878
884
891
900
906
912
921
926
933
941
949
957
965
972
979
984
993


11
17
28
35
44
65
75
88
106
118
127
148
157
175
182
194
203
222
235
254
274
295
322
341
360
380
397
414
427
450
470
489
499
516
533
555
576
596
616
633
653
674
696
715
732
751
772
782
800
820
838
857
870
891
900
909
928
946
963
982
994


32
40
51
63
76
88
98
111
122
133
145
157
169
178
190
201
213
224
237
248
261
273
282
293
305
317
328
342
351
361
375
388
399
411
420
431
446
456
465
478
491
500
510
520
529
542
554
569
578
589
602
615
624
636
649
662
671
683
697
707
716
728
741
751
762
775
786
800
809
821
834
844
853
865
878
887
898
907
917
929
941
952
963
971
980
990


13
23
35


20


34
45
55
73
92
110
123
140
160
178
198
211
231
250
273
292
310
327
345
365
385
406
423
444
466
483
502
519
539
559
576
587
606
626
645
666
687
707
728
888
905
926
935
957
974
984
997


12
29
37
49
66
79
99
111
136
155
174
191
212
232
255
266
283
294
314
332
353
364
384
403
416
435
454
474
491
511
535
556
578
595
614
636
655
674
695
712
731
748
768
790
810
971
992
999


43
49
54
61
70
83
95
118
130
141
158
178
199
216
229
249
272
289
308
329
344
361
372
381
388
405
416
437
457
466
485
503
520
539
559
580
597
608
630
647
657
678
698
716
733
752
770
788
799
959
971
988


17
23
29


50
62
70
81
93
110
119
139
152
172
192
201
220
232
245
263
284
305
324
346
364
383
400
419
438
461
482
502
522
542
554
575
592
610
631
650
667
690
708
728
748
766
784
801
818
836
854
871
888
905
918
935
945
957
967
979
988


23


9
14
21
31
42
49
57
70
82
92
109
130
147
160
173
191
209
226
246
266
286
307
325
342
363
380
399
420
441
464
481
501
521
542
561
582
602
622
642
663
684
704
721
741
759
780
803
826
845
864
884
905
926
945
962
971
984
999


8
28
37
44


11
18
31
41
62
73
93
106
119
132
153
170
194
205
215
227
248
267
286
305
326
347
369
389
408
422
441
461
479
498
515
535
556
575
596
616
637
657
676
700
720
739
756
777
794
811
831
854
872
892
909
928
940
960
979
996


11
30
39
58
79
88
110
123
144
165
186
207
226
235
256
274
291
312
333
351
372
389
408
429
450
471
492
509
527
547
567
587
605
625
645
666
685
704
724
743
763
784
805
824
845
866
886
897
914
925
946
964
975
988
998


30
43
56
67
75
88
97
109
117
129
151
159
177
198
217
236
253
273
290
311
331
351
372
389
408
428
447
467
488
507
527
547
567
579
599
619
639
659
678
697
718
738
761
778
798
818
835
854
877
895
912
931
948
966
983
994


9
19
38
48
69
90
109
122
133
154
175
192
210
231
251
270
289
307
328
348
368
387
407
424
442
462
480
499
522
543
560
579
599
617
638
658
670
691
708
725
746
765
786
806
827
848
865
885
906
927
947
966
983


32


8
13
18
39
59
73
90
101
121
141
161
178
196
213
227
248
268
285
307
332
349
367
387
406
570
733
751
770
790
807
967
973
991


13
18
24
44
55
74
89
107
120
132
152
165
177
198
218
236
245
254
271
292
304
316
328
353
374
538
559
576
594
614
634
651
672
694
711
729
748
768
931
943
962
979
996


9
16


19
26


9


36
50
70
79
99
117
126
146
167
186
206
227
247
268
290
310
331
352
373
393
406
427
448
470
490
512
533
554
576
595
612
632
653
674
694
715
732
750
770
789
810
827
847
866
883
903
922
941
961
980
998


19
28
42
51
71
80
89
109
129
143
163
180
200
221
242
263
284
304
324
341
363
384
406
427
449
472
492
518
540
559
579
602
623
644
662
680
701
722
743
760
769
791
812
829
846
864
889
906
925
947
964
974
991


15
29
49
70
83
103
123
134
151
168
185
202
222
240
261
275
295
316
337
357
377
398
423
442
464
481
498
521
540
558
579
603
624
641
661
688
705
725
746
764
785
806
825
842
852
873
896
917
937
958
976
997


23
34
44
51
62
69
79
91
102
113
123
134
143
154
166
176
183
194
203
213
222
233
242
249
260
270
282
291
302
313
323
333
343
354
365
374
384
394
403
414
423
434
444
455
465
476
483
494
505
514
525
535
546
556
565
576
587
595
606
617
628
635
646
656
665
672
683
690
701
711
726
734
745
752
761
772
782
793
804
816
829
840
847
856
863
874
883
894
905
914
925
935
946
958
970
978
986
993


20
25
31
36


11
22
29
36
47
54
64
71
82
93
104
115
124
134
145
155
166
175
186
197
208
219
228
239
249
259
268
278
288
300
307
317
327
336
343
352
362
373
382
393
402
410
421
431
442
453
462
472
483
491
502
511
522
531
542
553
562
573
582
596
607
615
626
636
643
654
664
673
684
691
703
713
724
735
745
756
766
777
787
798
807
818
829
838
848
858
869
878
889
896
906
917
935
942
952
959
968
979
992


49
60
71
83
95
108
120
133
146
158
171
184
196
209
221
234
247
260
273
286
299
312
325
338
351
364
376
388
401
413
425
438
450
464
475
487
499
514
523
535
551
564
573
585
597
610
619
631
644
657
672
681
693
702
715
728
741
752
766
778
789
801
813
825
837
849
861
874
886
896
907
920
933
946
960
973
982
994


12
26
35
42
54
60
81
104
115
126
147
169
180
200
222
239
260
282
302
320
339
358
376
400
417
426
447
468
481
502
523
541
564
585
600
622
640
661
681
702
724
745
765
786
806
829
848
869
887
900
917
938
958
980


10
19
30
51
72
91
112
133
152
171
192
210
230
251
271
291
308
329
352
373
390
411
434
456
474
495
516
537
560
579
600
618
639
660
682
703
722
739
757
774
791
952
969
978


9
14
19
27


9
21
31
41
52
63
74
85
96
107
118
129
139
150
161
171
182
192
202
209
219
230
241
252
263
271
282
289
300
309
320
331
342
353
363
374
384
394
404
415
426
436
447
456
467
477
488
495
505
516
526
535
546
557
567
577
585
600
611
618
629
640
651
661
671
681
692
701
710
721
728
739
750
760
774
784
795
804
815
826
837
848
858
869
880
891
902
909
920
930
941
951
962
973
984
991


12
20
41
52
72
83
103
124
144
157
170
190
211
222
235
252
273
294
312
324
337
358
375
396
410
428
449
462
483
503
523
544
565
586
605
626
647
668
688
709
730
750
771
783
803
821
842
859
878
890
902
922
935
955
976
987
994


14
33
54
67
84
93
114
131
152
173
194
211
231
251
271
291
309
328
349
368
389
410
431
451
472
495
516
537
556
573
594
614
635
656
677
697
718
742
762
782
799
819
840
862
882
903
920
929
946
965
988
997


11
24
33
42
65
72
79
97
105
126
146
166
187
208
231
250
272
289
310
330
352
372
391
412
433
454
472
493
513
532
554
575
596
617
638
659
680
700
720
738
755
776
797
815
832
851
872
891
911
932
952
972
990


21
31
41
54
63
80
97
114
131
140
154
167
188
209
230
250
270
291
308
328
348
366
384
405
426
446
463
483
504
524
545
566
587
608
625
646
667
685
703
725
746
767
787
804
824
846
866
886
910
931
952
970
983
993


13
25
44
56
68
78
88
97
104
121
130
150
171
192
202
222
243
264
283
304
323
340
361
384
407
426
448
468
486
507
527
550
570
588
609
630
650
670
689
711
732
752
771
792
810
831
852
872
892
909
930
949
971
989


8
16
29
41
54
74
91
100
120
133
154
171
192
211
229
249
268
288
308
326
343
362
382
403
423
444
468
489
510
529
549
570
591
612
632
652
673
692
713
735
756
776
796
819
838
859
879
896
913
931
948
969
991


14
33
54
74
94
115
136
148
168
189
208
229
250
268
285
306
326
347
368
389
410
431
451
468
489
509
530
551
572
593
613
631
649
670
691
711
732
753
774
794
814
835
854
873
895
916
937
956
973
986


8
27
40
59
79
96
115
128
137
154
167
188
200
221
384
405
426
447
610
631
651
672
692
712
733
753
773
797
961


8
25
43
56
66
86
105
126
145
164
184
204
221
238
259
280
301
322
343
363
527
547
567
731
752
770
790
950
967
985


12
25
34
41
48
60
80
97
114
134
155
176
195
212
233
254
273
294
313
333
354
518
539
560
721
883
900
918
936
957
974
992


20
33
45


29
40
49
60
69
90
107
120
137
154
173
192
212
230
251
273
294
315
335
354
378
400
564
584
747
768
792
952
972
989
994


7
18


7
16
23
30
44
50
56
67
79


21
30
39
46
52
58
65
70


11
17
27


32
40
49
55
66
79
91
104
117
130
140
153
166
176
188
197
207
216
228
239
256
267
276
288
298
309
319
328
341
351
366
375
386
395
406
419
428
441
450
462
474
487
496
505
518
528
538
552
564
573
582
595
604
616
628
641
653
662
671
683
696
705
714
727
738
751
762
776
785
796
805
816
829
838
849
862
873
883
894
905
914
923
932
943
955
965
977
986
993


13
23
35


20
28
50
70
91
110
121
134
146
159
167
179
200
217
234
254
271
289
308
327
348
365
382
400
412
431
450
472
496
514
523
544
562
572
584
605
614
633
653
676
694
711
724
743
765
774
785
804
817
840
857
875
900
918
927
939
951
971
982
999


34
45
55
73
92
110
123
140
160
178
189
210
230
250
267
284
308
327
340
361
384
402
421
440
459
479
500
517
529
551
573
592
612
629
650
668
691
712
738
762
779
800
821
842
871
888
908
929
946
957
974
984
997


12
29
37
49
68
89
110
136
156
174
191
212
233
243
255
266
283
295
313
322
342
360
379
398
419
438
459
476
495
512
533
554
575
735
755
772
789
809
829
850
868


43
49
54
61
70
83
95
122
132
150
163
175
188
211
221
230
249
270
289
308
329
343
363
380
404
424
441
456
473
490
511
532
543
560
580
600
617
626
647
657
680
700
717
736
754
763
783
801
818
837
862
882
891
914
937
954
963
976
986
995


17
26
33
38


50
62
70
81
92
110
119
138
159
179
196
217
230
248
265
286
305
324
341
364
381
398
411
428
446
461
482
501
510
523
543
563
580
601
621
640
651
668
679
698
717
734
751
771
794
803
823
844
865
886
904
917
926
932
945
957
966
987
995


23


9
14
21
31
42
49
68
77
101
114
136
153
173
186
207
226
245
257
267
285
302
324
342
361
379
392
411
432
451
468
487
506
526
543
562
582
601
620
637
658
678
695
716
737
756
780
804
826
845
864
884
904
924
944
962
979
988
995


8
28
37
46
53


11
18
31
41
61
73
93
106
119
132
153
170
194
204
215
227
248
267
287
306
327
348
369
389
411
432
451
472
492
509
527
544
561
581
601
621
642
660
681
700
720
738
755
767
788
808
825
842
863
887
904
922
941
960
969
986
995


11
30
39
58
79
88
110
123
144
165
186
207
226
235
257
275
292
314
334
355
375
396
415
435
455
475
495
515
536
554
575
596
625
643
662
683
700
721
738
759
780
799
818
836
859
878
902
919
936
953
970
981


30
43
56
67
75
88
97
109
117
129
150
171
192
213
234
252
273
283
302
311
331
351
373
390
400
423
446
465
486
505
527
547
567
584
601
620
633
654
672
683
696
717
737
761
780
801
824
848
865
886
905
923
940
957
966
984
994


9
19
38
44
65
85
103
114
135
156
177
196
213
234
255
276
295
316
337
355
378
399
416
437
457
478
498
518
538
559
578
599
618
639
659
678
699
720
739
756
776
796
815
834
855
875
895
909
929
949
967
990


32


8
13
18
39
59
73
90
101
122
135
146
157
177
194
211
228
248
268
285
302
314
334
356
375
394
413
431
451
472
493
512
533
554
575
595
616
637
658
676
693
712
733
751
770
790
807
828
849


13
18
29
36
49
56
69
90
98
115
128
140
158
177
198
218
238
264
283
446
466
485
506
529
550
571
588
750
770
791
812
831
850
868
887
904
923
932
945
962
979
996


9
17


19
26


9


36
43


19
24
33
52
64
81
88
108
129
142
163
180
200
221
242
263
283
304
331
348
368
389
412
432
453
474
497
515
537
558
578
600
621
641
662
679
696
717
738
755
773
794
814
835
856
873
882
903
920
941
962
991


15
29
49
70
80
91
110
123
144
165
185
206
226
247
266
283
302
323
344
361
379
400
419
440
461
480
497
517
538
558
579
601
622
640
660
680
701
722
745
764
786
805
825
846
865
889
906
925
944
961
970
981


23
34
44
55
66
73
87
97
108
119
126
137
148
155
166
177
188
199
210
219
230
241
252
262
273
284
294
305
315
325
336
346
356
366
374
384
395
404
412
423
431
439
450
459
470
480
491
502
513
524
535
546
555
565
573
583
594
605
616
626
637
648
656
667
677
688
695
702
713
721
732
741
750
761
772
780
789
800
809
819
826
834
845
853
864
874
884
894
905
914
921
932
945
953
964
975
985
993


20
25
32
38


11
20
27
37
44
54
65
75
86
97
109
119
130
143
153
163
172
186
197
208
219
228
237
248
256
267
275
286
298
307
316
325
336
345
356
366
377
384
395
406
413
423
433
442
453
463
475
484
495
504
515
524
534
545
555
565
574
585
596
607
616
626
634
644
654
665
673
683
692
703
713
724
735
745
755
764
774
782
792
799
809
821
832
839
848
858
869
879
890
901
912
923
932
939
950
959
969
980
992


49
60
71
84
94
102
115
126
140
151
160
169
182
194
207
219
232
245
258
271
282
295
307
318
331
343
356
368
381
393
403
416
431
440
453
464
477
486
498
514
526
538
551
564
573
582
594
607
618
631
640
652
666
679
695
704
716
729
738
750
763
776
789
798
811
824
838
848
859
871
884
896
908
920
931
944
954
966
981
993


12
26
35
44
55
67
87
108
127
141
162
180
200
222
239
258
284
302
319
339
360
381
401
422
447
467
487
511
528
547
568
589
610
774
798
820
837
858


10
19
30
51
72
90
111
132
152
171
192
210
230
251
271
294
312
330
351
368
379
400
423
444
461
482
501
518
538
559
579
739
757
778
798
818
839
860
879
902
922
942
961
978


9
14
19
26
34
41
50
59
64
73
80
89
97
106
111
120
127
136
144
152
161
170
179
187
196
201
206
214
221
230
239
248
256
263
272
279
288
293
301
309
314
327
332
341
349
357
366
375
382
390
399
407
416
425
433
442
447
455
464
474
482
491
498
507
515
520
528
535
543
552
560
569
578
583
592
600
609
614
620
629
638
646
653
662
670
679
688
697
705
713
720
725
733
742
751
759
768
775
784
792
801
809
814
821
830
839
844
852
861
869
878
885
894
903
911
919
927
936
944
953
962
971
976
981
990


9
21
32
41
52
63
73
84
95
106
113
123
134
145
152
163
173
183
193
203
214
225
235
246
257
267
278
288
299
309
320
329
339
350
360
371
381
392
399
409
420
430
437
447
455
466
477
488
495
502
513
524
535
546
554
561
572
582
593
605
613
622
633
647
655
666
676
686
697
706
715
726
733
744
753
763
774
784
792
803
813
824
834
844
854
861
872
883
893
904
912
922
932
942
954
964
971
980
989


12
20
41
51
62
72
83
103
124
144
157
170
190
211
224
244
265
277
299
311
331
344
356
377
398
416
436
457
478
498
520
540
561
573
594
614
633
652
671
692
713
733
754
766
787
806
826
838
851
872
893
913
926
944
964
983


14
33
54
67
84
93
114
132
152
173
194
211
231
251
271
291
309
328
349
368
389
410
431
451
472
495
516
537
557
578
599
620
641
662
683
703
724
744
765
786
806
826
848
873
894
915
932
949
962
979
996


11
24
33
42
63
72
79
97
104
124
145
163
182
202
221
241
262
283
301
322
340
361
381
402
423
443
464
482
499
519
538
558
579
600
621
640
661
682
703
720
738
758
778
799
820
841
862
882
902
920
941
958
979


21
31
43
50
70
79
96
109
128
140
154
167
187
208
229
248
267
284
303
323
340
361
382
403
424
445
464
486
507
528
547
566
587
608
628
648
669
688
708
729
749
770
793
814
834
852
870
887
909
927
944
961
982
993


13
25
44
56
68
78
88
97
104
121
130
149
169
186
204
224
245
266
287
308
328
348
367
384
407
426
448
468
486
507
527
550
570
588
608
629
646
666
686
707
728
745
764
785
806
827
848
869
890
908
925
946
964
984


8
16
29
41
54
74
91
100
120
141
162
183
204
225
246
267
288
308
326
343
362
382
403
424
445
468
489
510
529
548
568
589
610
631
652
673
691
712
733
754
775
796
813
830
851
872
896
913
931
948
969
991


14
33
54
74
95
115
136
148
167
189
208
229
250
267
288
308
328
348
369
390
412
432
451
468
492
513
534
552
572
593
614
633
655
676
696
716
734
754
778
795
815
835
854
873
895
916
937
956
977
994


8
27
40
59
79
243
256
277
298
318
336
353
517
538
558
579
600
621
781
800
962
980
997


8
25
43
56
66
84
95
114
134
154
173
190
210
230
252
271
431
595
615
635
656
678
699
720
741
901
922
940
959
977
994


12
25
32
39
48
60
80
97
114
133
155
172
189
209
230
251
273
436
456
477
497
521
542
706
867


20
33
45
51
58
77
84
103
124
141
162
180
203
223
388
412
576
739
759
779
939
958
977
996


29
40
49
60
78
98
119
136
153
173
192
212
230
251
272
292
315
335
354
378
399
418
439
460
479
499
663
829
989
995


7
18


7
16
23
30
43
53
63
71
79
86
98
107
117
139
146
167
186
204
215
226
236
257
266
284
293
313
331
352
373
385
405
425
444
464
483
503
524
544
561
574
595
614
633
654
675
695
716
739
751
770
790
810
831
848
867
887
907
926
937
954
964
978


21
26


11
17
27


32
40
49
54
66
75
87
96
106
119
130
142
153
166
178
188
199
210
223
232
241
253
265
278
287
297
310
322
333
346
355
366
379
391
404
419
431
446
461
470
481
493
505
522
531
540
552
567
582
594
603
612
625
634
646
659
668
678
688
697
708
719
731
740
750
762
775
786
799
809
822
832
844
854
865
874
883
896
907
916
926
938
949
961
971
979
988


13
23
35


20
28
50
70
79
99
116
129
149
161
181
198
217
234
254
271
289
308
327
348
365
380
400
413
431
450
472
494
512
531
549
574
601
622
640
650
660
679
694
716
736
746
765
774
793
814
834
851
868
888
905
922
935
948
969
982


34
45
55
68
86
106
128
147
165
186
206
216
229
240
258
267
287
308
327
347
360
372
396
413
430
447
458
479
502
521
539
558
575
593
612
629
650
671
691
855
872
889
907
926
935
957
974
984
995


12
29
37
46
60
71
90
99
111
137
149
170
182
192
212
229
251
265
283
306
324
335
356
369
389
406
417
438
455
473
494
511
529
552
576
599
617
637
656
677
697
714
735
758
777
794
813
830
850
869
888
909
928
949
971
981
992
999


43
49
54
61
70
83
95
118
129
141
158
174
188
212
230
249
260
277
287
300
310
329
343
363
381
391
403
420
437
450
470
490
511
534
553
573
590
607
616
633
651
668
679
699
716
737
898
918
937
954
963
976
986
998


17
26
34


50
62
70
81
93
105
122
132
152
173
192
201
220
239
259
287
305
326
346
364
385
395
416
437
456
476
496
514
535
554
575
592
611
632
651
668
679
698
717
734
751
771
794
803
823
843
862
871
888
905
918
935
945
957
966
985
995


23


9
14
21
31
40
58
68
92
109
121
145
165
186
206
226
245
262
272
291
310
324
342
360
379
400
420
432
451
468
487
506
526
543
562
582
601
620
641
659
676
694
716
737
754
774
793
814
838
858
876
897
916
933
950
960
979
988
995


8
28
37
46
53


11
18
31
41
61
73
88
102
121
140
157
177
196
215
224
245
264
282
302
322
341
362
379
398
422
442
461
482
501
518
537
560
580
601
626
646
663
681
700
720
739
756
777
795
816
833
854
871
888
907
925
947
958
979
996


11
30
39
58
79
88
110
123
144
165
186
207
226
235
257
275
292
313
334
354
373
390
415
432
451
474
493
514
536
554
575
592
615
635
654
675
696
719
738
755
772
789
807
817
837
854
873
893
910
919
936
953
970
981


30
43
52
65
75
88
97
110
120
137
150
171
192
213
233
252
271
291
311
331
351
373
391
409
428
448
465
486
505
527
547
566
587
607
628
649
667
679
699
719
738
759
779
791
810
829
849
866
887
908
929
949
968
978
995


9
20
28
45
66
75
86
103
114
135
156
177
196
213
234
254
275
295
315
335
355
374
394
412
430
451
475
495
515
536
557
576
597
617
638
658
667
684
704
724
745
765
786
806
827
848
866
886
909
929
949
967
990


32


8
13
18
39
59
73
90
101
120
141
158
177
194
211
228
248
268
285
307
332
356
374
394
413
431
451
472
492
512
533
554
572
590
611
631
648
665
684
705
726
746
770
790
807
828
849
868
885
903
925
944
962
972
979
986


13
18
29
36
49
56
66
89
107
116
137
157
177
198
218
238
250
270
292
304
316
328
353
374
538
559
576
596
616
781
802
821
981
998


9
16


19
24


9


36
43


19
28
33
52
64
81
88
108
129
142
162
181
201
221
242
263
282
299
319
340
361
382
403
425
444
463
484
503
520
540
561
581
602
623
648
669
692
711
729
750
772
793
814
831
852
869
878
898
918
935
952
969
978
995


15
29
49
70
81
91
110
123
144
165
185
205
225
245
265
285
305
326
346
367
387
407
429
450
467
486
507
529
550
571
591
612
633
654
675
697
718
739
759
776
795
815
836
853
866
887
904
921
942
959
976
998


23
34
44
55
66
73
84
92
103
110
121
131
142
152
162
172
181
192
203
214
221
232
239
249
260
268
281
288
299
309
320
330
340
350
361
372
383
394
405
415
423
431
439
451
461
468
479
489
497
508
519
529
538
548
559
570
581
591
605
617
628
635
646
656
667
678
689
696
707
718
726
736
749
756
767
776
787
797
804
816
829
836
847
854
864
874
884
894
905
913
925
932
943
953
964
975
985
992


20
25
32
39
45
52
57
70
77
88
94
103
108
113
120
127
135
144
154
159
167
172
177
183
191
200
205
214
223
232
241
246
251
260
267
275
283
292
300
309
316
324
331
340
349
355
364
369
376
384
393
402
410
419
427
437
442
451
459
467
472
481
486
494
503
512
521
530
539
548
555
563
572
581
589
594
602
611
616
624
632
640
649
655
660
665
673
678
687
695
704
712
718
723
731
742
750
758
765
774
783
788
793
798
807
816
825
833
842
850
859
866
871
879
888
895
903
908
916
924
933
942
951
959
966
971
980
985
995


11
24
31
41
52
63
72
83
94
105
116
127
138
149
160
172
185
196
207
218
228
239
249
256
267
277
287
298
305
314
325
336
345
355
365
376
387
397
404
415
422
433
443
455
466
476
484
495
505
516
526
536
547
560
571
581
588
598
609
620
628
639
650
661
670
680
691
702
713
724
733
742
753
762
772
785
792
803
813
823
834
845
856
866
877
884
894
905
915
926
934
943
955
962
969
976
987
998


49
60
71
84
93
102
114
127
140
153
166
179
191
204
215
228
241
254
267
280
293
305
318
330
342
354
367
380
393
406
419
431
443
458
467
480
493
506
515
528
537
549
564
577
589
602
616
631
640
651
664
677
689
702
715
728
741
752
766
776
788
801
814
824
837
849
859
871
884
896
908
919
931
940
953
962
974
987


12
26
35
44
55
68
81
98
110
127
148
169
189
206
217
238
259
282
302
319
340
360
382
402
422
448
468
487
511
528
547
568
588
609
630
650
671
692
711
731
752
772
933
952
971
988


10
19
30
51
72
90
110
130
151
171
192
209
229
250
271
294
312
332
352
373
392
416
437
603
627
788
808
969
986


9
17
25
33
43
51
56
64
73
80
89
94
103
115
123
131
139
148
156
164
173
182
187
196
203
211
220
228
237
242
251
256
263
272
279
288
296
304
313
320
328
337
346
355
360
367
376
384
393
400
408
417
422
430
439
448
457
465
474
482
491
498
507
515
524
532
541
550
559
567
575
583
592
600
609
614
621
629
637
645
653
661
670
679
687
695
704
712
720
729
736
745
753
762
771
780
788
797
806
814
819
824
832
841
850
859
867
874
879
888
896
904
913
919
927
936
945
954
962
971
977
982
990


9
20
29
36
43
53
64
74
84
95
106
115
126
137
148
157
168
179
186
196
207
218
228
239
246
257
267
278
288
299
309
320
331
341
352
362
373
384
395
406
417
428
438
445
455
466
473
481
492
502
510
521
532
541
552
563
573
584
594
605
616
625
633
644
651
661
671
681
691
699
710
721
729
739
750
760
769
779
789
798
808
818
829
839
849
860
870
881
892
903
913
924
935
946
954
965
973
984
991


12
20
41
51
62
72
83
94
115
136
148
169
188
200
213
234
254
275
296
317
326
338
359
377
397
418
439
456
466
487
509
529
550
570
591
604
624
644
655
678
700
719
740
761
782
794
815
834
855
873
886
905
926
946
967
978
987
993
998


14
33
54
67
84
94
115
135
156
179
200
220
237
258
280
301
324
345
365
383
404
425
443
463
486
507
528
552
572
594
613
631
652
673
695
717
738
758
779
799
820
840
862
882
903
924
944
964
988
997


11
24
33
42
63
73
86
98
115
135
152
163
182
202
219
232
252
272
293
313
330
352
373
393
413
434
454
475
493
513
532
554
577
599
624
641
662
683
703
724
745
767
786
807
825
846
866
885
902
919
940
960
983


21
31
42
62
80
97
109
128
140
154
163
180
198
220
237
249
269
290
310
330
351
373
397
416
437
454
475
497
518
539
560
581
603
624
645
666
685
702
726
747
766
787
806
827
848
867
886
909
932
950
970
983
993


13
25
44
56
68
78
88
95
104
121
130
150
169
190
201
221
243
264
285
295
316
334
352
369
390
409
426
448
468
486
507
527
550
570
588
609
630
647
667
688
713
734
755
772
789
810
831
853
872
889
908
931
951
971
989


8
16
29
41
55
76
97
120
141
162
183
204
225
237
256
273
293
313
335
356
376
397
417
438
459
484
501
522
544
565
586
603
623
644
664
684
707
728
748
769
789
809
830
848
865
882
901
921
941
958
977
991


14
37
50
72
84
105
122
143
166
185
203
223
243
264
284
307
328
348
368
389
410
431
451
468
489
509
530
551
572
593
614
634
654
675
695
715
734
755
777
798
817
836
854
873
894
915
932
941
966
984


8
27
40
51
60


8
25
43
56
66
84
95
114
134
154
173
190
210
230
252
271
434
598
619
640
661
680
840
858
877
898
919
939
959
977
994


12
25
34
41
48
60
80
97
114
134
155
176
341
362
385
405
569
586
748
768
788
949
968


20
33
45
51
58
77
86
103
124
141
162
180
203
222
242
261
280
303
323
344
508
671
835
855
876


29
40
49
60
69
90
107
128
149
166
185
206
227
247
268
287
304
324
345
365
385
408
572
594
619
639
803
824
844
864
884
902


7
18


7
16
23
30
44
50
56
67
79
86
106
117
139
146
167
178
189
210
227
239
251
273
282
299
312
324
345
365
385
396
405
425
442
462
483
503
526
545
567
587
608
627
648
665
682
703
722
741
752
770
790
810
831
848
870
891
908
930
939
951
970
989


21
26


11
17
27


32
39
52
65
76
87
98
110
122
133
146
159
170
181
192
204
215
224
236
247
258
270
283
294
305
318
329
343
353
366
378
388
398
411
424
433
445
458
467
476
486
500
517
526
536
549
562
575
584
593
606
619
628
640
653
663
673
686
695
707
717
729
741
750
759
771
784
795
805
816
829
844
853
864
877
892
901
911
923
937
948
960
969
979
988
993


13
23
35


20
28
50
70
79
99
116
128
139
151
168
188
209
231
248
268
289
308
326
343
352
372
381
390
400
412
431
441
458
470
490
504
523
544
562
583
602
623
640
652
673
694
711
720
741
758
768
785
802
820
846
855
874
900
911
928
950
969
987


34
45
55
72
81
89
111
124
141
160
179
199
220
240
257
276
295
313
333
352
373
394
416
437
458
477
498
517
538
558
575
593
612
629
650
668
691
712
733
753
774
792
809
827
846
871
888
906
926
935
956
966
975
984
997


12
29
37
46
60
73
91
111
135
154
173
190
207
216
233
243
255
266
283
294
313
324
342
360
378
401
420
437
452
472
493
511
531
552
569
587
608
627
644
664
684
705
722
740
760
779
797
818
840
861
872
889
900
917
937
954
971
992


43
49
54
61
70
83
95
116
125
142
151
160
179
196
213
230
249
262
275
292
309
319
336
348
360
379
396
413
435
456
473
492
513
525
542
706
725
742
763
780
799
959
971
988


17
26
34


50
62
70
81
93
105
122
132
143
153
174
187
207
225
242
251
272
293
313
330
343
364
381
399
411
429
447
467
488
507
528
550
568
587
604
625
638
657
675
695
716
733
747
771
794
803
823
844
865
887
904
917
926
932
944
962
983
996


23


9
14
21
31
42
49
57
70
82
92
112
136
153
173
192
209
229
247
267
286
303
320
342
363
380
399
420
440
459
479
499
519
542
561
582
602
622
642
663
684
704
721
741
759
780
797
816
839
858
876
893
914
932
951
962
973
982
995


8
28
37
46
53


11
18
31
41
61
73
93
106
119
132
153
169
188
201
210
220
238
258
267
287
306
327
348
370
391
411
430
451
470
490
509
527
544
561
574
594
615
632
651
670
690
711
729
748
766
783
804
824
843
862
883
902
919
936
953
962
979
996


11
30
39
58
77
82
87
97
106
127
147
168
189
206
223
241
261
282
302
324
345
364
381
398
419
443
461
480
501
524
544
566
586
605
626
646
667
690
709
726
744
764
781
794
815
836
854
873
893
910
919
936
946
964
975
992


30
43
56
67
75
88
97
110
120
137
154
177
198
217
236
253
273
290
311
331
351
373
392
410
428
447
467
487
505
526
547
567
584
601
621
638
657
678
699
720
739
761
780
801
822
840
859
879
896
914
931
951
960
969
986


9
20
28
45
65
75
86
103
123
135
156
177
196
213
234
255
275
295
316
337
355
378
399
416
438
457
475
487
506
527
547
570
590
611
631
651
670
691
715
733
754
775
796
817
841
861
880
898
916
937
954
971
988


32


8
13
18
39
59
73
90
101
121
141
161
178
196
213
227
248
268
279
296
317
338
356
366
388
408
427
447
465
486
503
523
542
562
583
606
626
645
664
676
693
705
726
746
770
790
807
827
844
864
884
903
926
945
964
973
980


13
18
29
37
49
56
68
85
94
114
127
145
157
177
198
218
236
245
264
283
446
466
485
506
529
550
570
587
606
627
644
665
686
847
859
879
899
918
936
953
973
990
996


9
17


19
24


9


36
43


19
28
33
52
64
82
99
116
125
143
163
180
200
221
242
263
282
303
324
345
366
387
408
428
449
470
490
518
540
560
581
602
623
644
667
684
703
727
746
765
786
807
828
846
864
889
906
926
947
964
974
991


15
29
49
70
79
92
113
133
146
167
185
204
217
230
251
271
292
314
335
352
369
387
407
429
450
467
486
507
529
557
581
603
623
646
666
688
710
731
751
770
792
809
828
848
866
887
904
921
942
959
976
997


23
34
44
51
62
72
83
93
104
111
121
131
142
152
162
169
180
191
203
213
223
232
242
249
260
268
280
289
299
310
317
328
339
350
360
370
381
392
402
412
423
431
439
450
459
469
480
491
502
513
524
535
546
555
565
572
582
593
604
615
626
642
651
661
672
683
690
701
708
719
730
740
750
761
772
782
793
804
816
827
834
845
856
864
874
884
894
904
914
925
937
945
956
964
975
984
991
999


20
31
41
46
54
63
69
77
89
94
102
108
113
120
127
134
142
147
155
161
169
175
183
189
199
205
211
216
225
234
243
248
256
265
274
280
288
295
304
313
322
330
339
348
356
364
374
382
391
400
405
414
422
427
437
442
450
458
467
475
480
488
497
506
514
519
528
536
545
554
563
569
579
587
595
603
611
620
629
637
646
655
664
672
680
689
697
705
714
723
731
739
745
754
763
772
780
789
798
807
816
825
833
842
850
859
866
875
883
892
897
903
909
918
926
935
943
952
960
969
978
984
992


11
22
29
40
51
58
70
77
87
98
110
118
129
139
150
161
172
183
192
203
213
225
234
244
254
264
275
286
297
307
317
327
336
347
354
365
376
384
394
404
415
422
433
443
455
462
472
483
493
504
511
522
531
542
553
562
573
582
596
605
615
626
633
644
652
662
673
680
691
698
709
717
728
738
748
759
766
777
785
796
806
814
825
836
847
858
869
879
889
899
910
921
932
943
958
967
974
985


49
60
71
83
95
108
119
132
145
158
170
181
194
207
219
232
244
257
270
282
295
308
317
330
342
354
366
379
392
405
418
431
443
456
465
478
494
504
517
531
540
551
568
579
592
605
614
623
636
648
659
672
685
697
706
718
732
744
754
767
778
790
802
815
828
838
850
863
874
887
899
911
927
937
948
961
972
981
994


12
26
35
44
54
67
87
106
124
141
162
180
191
208
228
249
269
286
307
328
347
370
389
410
423
447
468
487
508
527
546
567
588
609
631
649
669
690
711
731
751
772
933
952
971
980


10
19
30
51
72
91
112
133
152
171
192
212
229
250
271
292
311
332
352
373
392
416
437
460
482
503
527
546
708
728
748
767
784
803
825
838
856
873
893
914
935
952
970
999


9
14
19
27


9
20
27
36
43
53
64
75
85
95
102
112
122
133
144
155
164
171
182
192
199
209
219
226
237
248
255
266
277
287
298
309
320
328
338
349
357
367
378
389
399
407
417
428
439
449
460
470
478
489
500
511
521
532
542
549
560
570
582
593
604
614
625
636
646
656
667
677
688
699
709
719
726
736
747
758
769
779
788
798
808
818
826
834
844
855
865
875
885
896
907
917
928
940
947
957
968
975
984
994


12
20
41
52
72
83
103
116
136
149
170
190
211
222
235
252
273
294
315
335
348
369
382
394
416
435
455
476
493
505
526
547
568
589
610
631
652
673
695
707
728
749
770
787
800
821
842
859
879
900
913
926
944
963
976
989


14
33
54
67
89
101
118
139
156
177
194
203
224
245
265
285
302
324
341
358
379
400
421
442
463
486
509
530
551
572
594
613
631
652
673
696
718
742
762
783
800
819
840
865
883
903
920
944
964
988
997


11
24
33
42
63
73
84
105
124
145
163
182
202
219
238
255
272
293
313
330
352
373
393
413
434
454
475
493
513
532
554
577
599
624
641
661
682
703
724
741
760
779
799
820
838
858
878
899
919
940
958
983


21
31
42
62
80
97
114
131
140
154
167
188
209
230
251
268
290
310
322
343
366
384
405
425
446
463
483
504
522
541
555
576
596
617
638
659
678
700
721
742
763
785
806
827
848
867
885
909
927
944
961
982
993


13
25
44
56
68
78
88
97
104
121
130
150
169
190
199
221
238
257
278
300
321
342
361
382
403
424
448
468
486
507
527
550
570
588
608
629
647
667
688
707
728
751
769
789
809
831
851
872
892
909
931
951
971
989


8
16
29
41
55
68
88
100
120
141
162
183
204
225
246
267
287
308
326
343
362
382
403
424
445
468
489
510
529
549
570
590
611
632
652
673
694
715
735
756
777
797
819
836
857
878
896
906
926
943
961
978
995


14
37
50
72
84
105
122
143
162
182
201
223
243
264
284
307
328
348
369
389
410
430
450
471
492
513
534
552
573
594
615
634
655
676
695
715
734
754
778
795
814
835
854
873
895
916
937
956
977
994


8
27
40
52
64
74
83
95
115
128
137
154
175
195
213
235
256
277
297
318
338
502
523
543
707
871


8
25
43
56
66
86
107
127
145
164
185
206
227
391
414
434
598
619
783
945
965
982


12
25
34
41
48
60
80
97
114
133
155
172
184
201
222
241
262
426
447
467
488
509
529
552
716
736
756
778
795
958
975
992


20
33
45
51
58
77
86
103
124
141
162
326
347
366
389
553
716
736
757
778
939
958
984


29
40
49
60
78
98
121
145
165
185
206
227
248
268
287
306
329
492
513
531
551
572
593
761
782
949
968
988
997


7
18


7
16
23
30
44
54
63
69
87
94
112
126
144
161
178
191
211
234
245
262
274
287
299
311
324
345
365
385
396
405
425
444
465
484
503
525
544
567
588
609
626
643
665
682
702
722
739
751
770
790
810
831
848
867
888
905
915
937
954
964
978


21
30
39
46
51
58
65
70


11
17
28


32
40
52
64
77
89
99
111
124
137
148
159
170
182
192
205
214
226
238
249
258
270
283
294
305
318
327
339
351
364
378
391
403
412
423
436
447
456
468
477
486
498
511
523
538
547
559
572
582
595
609
625
634
646
659
668
678
688
701
714
727
736
749
762
775
786
799
811
821
834
845
854
867
876
886
898
910
922
932
943
955
965
977
985


13
23
35


20
28
50
70
79
99
118
130
141
161
181
198
210
231
243
256
277
296
317
330
348
365
380
400
412
431
440
458
478
499
522
539
556
575
600
622
643
662
679
691
708
721
738
758
777
796
817
834
853
870
888
905
922
935
954
972
991


34
45
55
73
92
110
123
140
160
179
199
220
240
258
269
287
308
327
340
361
384
404
421
438
447
458
477
500
517
537
558
575
592
612
629
650
667
691
709
730
749
766
787
807
827
846
871
888
907
926
935
957
974
984
997


12
29
37
47
65
78
99
111
136
155
175
184
201
212
231
253
272
293
312
332
353
371
391
401
422
440
452
473
493
510
523
544
568
586
607
617
637
657
678
695
714
733
752
779
797
818
838
860
880
897
909
921
937
954
971
992
999


43
49
54
61
70
82
99
125
142
151
160
178
199
216
229
249
262
275
293
310
329
344
361
372
381
391
413
434
453
462
479
498
518
538
553
573
590
610
622
642
663
682
701
722
739
763
783
800
818
839
859
876
896
915
935
952
962
975
996


17
26
31


50
62
70
81
93
105
122
132
153
174
192
201
220
236
259
295
312
324
346
364
384
401
418
438
455
474
495
514
534
556
580
599
616
637
658
675
695
716
733
745
765
784
795
812
831
852
861
871
888
905
918
935
945
954
961
972
986


23


9
14
21
31
42
49
68
79
92
109
131
148
167
188
208
228
245
266
285
304
324
344
363
381
400
421
441
464
481
498
515
532
543
564
582
602
620
637
658
678
695
716
737
756
780
803
825
844
863
884
905
926
945
962
971
984


8
28
37
46
53


11
18
31
41
62
73
93
106
119
132
153
170
194
204
215
226
247
267
277
298
320
341
362
379
398
422
442
461
481
501
518
536
555
575
596
616
634
655
676
699
716
737
756
777
794
811
831
854
871
888
907
925
946
967
985


11
30
39
58
79
88
110
123
144
165
186
207
226
235
256
274
291
312
333
353
373
390
415
435
456
475
495
515
536
557
578
599
619
636
653
676
696
713
724
744
764
785
804
824
845
854
873
893
911
928
935
953
970
981


30
43
56
67
75
88
97
110
121
140
151
171
192
213
234
252
273
295
316
335
352
365
382
403
423
444
464
483
500
519
544
561
572
591
611
633
654
672
692
712
730
751
768
788
809
827
847
870
889
910
929
946
966
983


9
20
28
45
66
75
91
114
135
156
177
197
219
239
257
277
296
316
337
355
378
399
416
436
454
475
495
515
536
557
577
598
616
637
658
678
699
720
739
760
781
801
815
834
856
866
886
909
929
949
967
990


32


8
13
18
39
59
74
94
111
128
146
156
177
194
211
232
251
414
434
454
475
493
511
536
556
575
594
613
636
655
676
693
705
726
743
760
779
800
821
841


13
18
29
36
49
56
66
89
107
120
131
151
170
179
199
220
232
252
270
292
304
316
328
353
374
394
411
428
448
466
479
500
520
539
559
576
595
615
636
802
822
982


9
17


19
26


9


36
50
70
79
92
101
114
131
144
165
186
206
227
247
267
288
307
327
344
363
384
405
426
447
470
494
515
536
555
576
603
625
646
667
686
706
725
744
761
779
800
821
841
859
878
901
918
938
948
969
989


19
28
42
51
71
82
99
124
143
163
180
201
221
242
263
282
304
324
341
362
383
401
418
436
454
474
497
518
540
559
579
600
621
640
661
682
703
722
742
764
786
803
814
835
857
874
894
917
935
952
969
978
995


15
29
49
70
80
91
110
123
144
165
174
196
217
229
248
269
282
302
320
340
358
375
395
412
433
458
479
501
521
542
563
590
612
632
653
674
700
717
738
755
774
795
815
836
858
877
897
918
936
958
976
997


23
34
45
52
63
74
81
92
103
114
125
137
148
159
170
181
192
203
214
221
232
241
249
260
268
282
289
300
308
318
329
340
351
361
371
382
393
404
414
424
435
446
459
470
480
491
502
513
524
535
546
557
568
578
589
596
607
618
629
641
651
658
669
681
691
699
707
719
726
736
747
755
765
774
783
793
804
811
818
829
840
851
861
872
879
889
896
906
916
923
934
945
955
965
977
985
993


20
25
33
41
46
55
60
65
70
76
83
89
94
103
108
113
120
127
132
138
145
154
159
168
174
183
188
196
204
209
216
225
234
243
249
257
266
275
281
289
296
305
313
322
330
335
340
345
354
362
370
382
391
400
405
410
419
427
436
441
449
457
465
474
483
491
500
507
514
523
531
540
548
559
568
576
587
597
606
614
620
627
635
640
649
655
660
665
673
678
687
694
699
708
716
724
731
739
746
751
756
763
772
780
789
797
806
814
823
828
836
843
850
859
867
876
885
895
902
909
914
923
933
942
951
959
966
971
980
990
995


11
24
31
42
53
64
75
85
96
106
117
128
139
149
160
167
174
185
195
206
217
228
239
248
259
270
280
288
299
306
317
327
338
349
360
371
382
392
399
407
416
429
439
449
461
468
478
488
499
509
519
529
539
550
558
569
576
587
594
605
615
626
633
642
652
661
672
680
691
701
712
723
733
743
755
765
772
785
792
801
812
823
832
841
852
863
872
882
893
904
912
923
933
943
958
968
979
990
995


49
60
71
83
95
104
116
129
142
154
167
180
190
203
215
228
241
254
267
279
292
305
314
326
339
352
365
377
388
401
414
423
435
447
456
468
481
494
507
516
529
543
556
569
580
592
605
618
631
640
651
660
672
686
699
712
725
734
745
757
770
783
793
806
819
828
841
853
866
879
891
904
916
929
941
954
966
979
990


12
26
35
44
55
68
81
98
110
127
148
169
186
206
219
239
260
283
302
320
339
356
376
397
415
434
455
475
496
517
537
551
572
590
611
632
649
670
691
710
731
752
773
792
811
832
851
868
887
906


10
19
30
51
72
90
109
122
141
152
162
182
203
222
243
264
284
305
326
346
366
383
392
413
434
457
480
500
521
541
560
579
600
627
788
808
827
844
863
882
904
922
941
954
975


9
18
27
36
44
53
58
65
73
78
85
94
103
113
122
129
138
143
152
160
166
174
181
189
197
206
216
221
229
237
244
253
262
268
276
281
289
296
305
314
325
332
340
347
356
365
372
381
389
398
407
416
425
433
443
448
457
465
474
481
490
498
507
515
523
532
541
549
555
562
569
578
587
596
604
613
620
629
638
646
653
661
670
679
688
698
706
711
719
725
734
742
749
757
765
774
783
792
801
806
813
822
830
839
847
856
861
869
878
885
894
903
911
919
928
936
945
954
963
972
981
987
992


9
21
33
41
52
63
72
82
89
100
112
122
133
142
152
163
173
183
193
203
214
224
234
246
255
266
273
283
294
302
310
321
331
338
348
358
367
378
385
396
407
417
428
439
449
460
470
481
492
502
513
522
532
542
553
564
575
585
599
606
617
627
638
648
659
670
681
691
700
710
721
729
739
750
760
771
778
789
800
808
818
829
839
849
860
871
882
891
902
909
916
927
937
948
955
964
975
984
994


12
20
41
51
62
72
83
94
115
136
149
170
190
210
221
242
262
283
304
317
329
350
363
384
405
428
448
467
487
507
527
547
568
587
600
621
642
663
676
697
719
740
761
781
802
814
827
847
872
891
911
931
948
967
981
991


14
33
54
76
94
115
136
157
178
199
220
241
260
280
301
322
341
363
382
403
423
443
464
486
507
529
550
569
589
610
631
652
673
695
717
738
758
779
799
819
840
865
883
903
920
937
946
965
988
997


11
24
33
42
63
73
86
98
115
135
152
169
180
201
221
241
262
283
301
322
339
360
381
402
422
443
463
482
503
521
542
567
586
605
626
647
668
689
710
731
750
771
791
811
830
851
873
896
918
938
958
979
997


21
31
42
62
80
97
114
131
148
161
180
198
220
238
257
276
296
318
338
359
380
400
421
441
461
481
501
520
540
561
578
597
619
640
661
678
700
721
740
757
775
796
815
833
854
875
897
919
937
958
977
986


13
25
44
56
68
78
88
97
109
128
139
158
177
198
219
237
257
266
283
305
325
343
364
384
406
426
448
468
486
508
528
550
570
588
610
630
647
668
688
713
733
753
770
791
810
831
853
873
890
908
925
946
964
984
994


8
16
29
44
56
67
88
107
128
149
166
187
206
227
248
269
290
310
327
346
367
387
407
430
452
469
489
510
529
549
566
587
609
630
651
672
692
713
735
756
777
797
814
824
845
865
882
904
925
942
954
971
983


14
33
55
72
84
105
122
143
162
182
201
223
243
264
284
307
328
348
368
389
410
431
451
468
488
506
526
549
570
591
612
629
649
670
692
712
733
754
775
795
814
835
854
873
894
915
932
951
964
986


8
27
40
59
79
96
115
128
137
159
171
189
208
228
392
413
434
454
475
496
659
819
840
862
880
900
917
936


8
25
43
52
69
86
250
270
434
598
619
783
945
965
982


12
25
46
70
91
112
132
155
172
189
209
222
247
264
281
301
322
342
362
385
405
569
587
608
768
788
949
968


20
33
45
51
58
77
86
103
124
141
162
180
202
222
242
261
280
303
323
344
508
531
552
574
591
612
633
654
671
692
712
875
894
914
931
950
959
985


29
40
49
60
78
98
119
136
153
173
192
212
231
251
272
436
453
471
635
656
673
835
995


7
18


7
16
23
30
42
59


21
26


11
17
27


32
40
51
63
76
88
99
110
123
134
146
159
170
183
192
204
215
224
235
246
257
270
283
294
305
318
329
342
352
366
378
393
406
421
430
442
455
467
480
491
504
515
526
538
551
560
571
584
596
609
622
631
642
654
666
678
691
703
714
730
739
751
764
776
788
797
809
822
832
844
853
862
873
882
892
904
915
924
932
944
955
960
971
979
988


13
24
45
50
64
84
94
107
119
140
160
179
200
219
237
247
268
279
299
311
323
334
356
379
397
414
425
444
463
484
505
526
538
559
584
602
622
641
659
679
698
722
739
760
779
799
822
841
858
876
895
904
921
942
960
971
983
992


20
28
50
70
79
99
120
130
141
161
181
198
210
231
252
269
286
307
317
340
359
380
400
412
431
450
472
490
499
520
531
549
566
584
602
622
641
650
673
694
711
723
742
760
777
796
816
836
855
876
898
918
927
940
951
971
982


34
45
55
72
81
89
110
123
140
160
179
199
220
240
257
276
295
313
333
352
373
385
407
427
445
466
492
510
528
549
569
585
606
626
643
664
688
701
721
743
762
779
800
821
842
871
888
899
921
933
945
966
974
984
997


12
29
37
46
60
71
90
102
119
136
155
174
192
212
230
239
257
266
283
295
313
331
353
371
391
401
421
438
455
474
491
511
531
552
569
586
600
617
637
657
678
696
714
731
892
911
929
951
971
980
997


43
49
54
61
70
82
99
125
142
151
160
179
196
213
230
249
260
277
289
308
329
344
367
379
391
413
434
456
473
492
513
538
558
575
595
615
635
652
669
689
710
731
752
770
788
799
821
838
848
861
878
896
914
937
954
963
976
986
995


17
26
34


50
62
70
81
93
105
122
132
152
173
192
201
220
231
249
266
275
295
314
324
346
364
384
401
418
438
455
474
494
514
534
555
575
593
613
633
653
670
681
698
708
728
748
765
782
794
803
823
843
865
888
905
922
932
945
957
967
979


23


9
14
21
31
42
49
70
83
94
114
136
153
170
191
209
226
246
266
286
307
325
342
363
380
399
420
440
458
478
495
515
532
552
572
589
610
631
653
674
692
712
733
754
774
792
813
835
856
876
888
907
924
943
962
979
988
995


8
28
37
46
53


11
18
31
41
61
73
93
106
123
133
140
153
169
188
201
210
219
237
258
267
284
304
325
344
364
385
406
426
443
462
481
501
518
537
560
581
598
616
637
658
676
698
719
739
756
777
795
816
833
854
871
888
907
925
946
966
979
996


11
30
39
58
79
88
110
122
133
152
172
189
208
226
243
263
284
305
325
349
366
378
398
419
443
461
479
498
519
539
558
576
596
616
635
654
675
696
713
733
754
773
794
816
837
854
873
893
910
919
936
953
970
981


30
43
56
67
75
89
110
120
137
159
177
191
210
231
250
267
286
303
320
337
350
371
391
410
428
437
448
465
486
505
527
547
566
587
607
628
649
666
679
699
719
738
761
779
800
824
848
865
882
894
914
931
948
966
983


9
19
38
45
65
75
86
103
114
135
156
177
197
219
239
257
277
296
316
335
355
379
399
416
437
457
478
498
517
538
559
578
599
617
638
658
674
692
713
733
750
767
787
808
828
847
866
886
909
934
951
968
988


32


8
13
18
39
60
80
88
99
119
136
146
156
177
194
211
228
248
268
285
302
314
335
356
374
394
413
431
451
471
636
655
676
693
705
726
743
755
775
794
816
836
857
876


13
18
29
36
49
56
66
87
98
115
130
151
168
178
198
218
238
265
285
304
315
333
353
373
394
411
428
449
466
479
500
520
539
559
576
595
615
634
656
675
837
858
877


9
17


19
26


9


36
43


19
28
42
52
64
81
88
105
125
145
166
187
206
229
246
266
287
307
330
351
372
392
413
435
459
479
498
518
539
559
580
601
622
649
673
694
715
736
755
776
795
812
829
846
867
888
909
921
942
962
979
996


15
29
49
70
79
92
113
133
150
164
183
204
224
245
266
287
304
323
344
361
382
404
425
446
467
486
507
529
546
567
590
612
632
654
675
697
718
738
759
776
797
819
839
859
876
895
912
929
946
965
987


23
34
44
55
66
73
83
93
103
114
125
136
147
158
169
180
191
203
214
221
232
242
253
260
270
281
291
302
313
323
330
341
352
362
372
383
394
405
415
423
434
441
451
462
472
483
494
504
514
525
534
545
556
566
578
589
597
606
617
628
635
646
656
665
676
686
693
702
714
721
729
740
749
756
763
773
780
791
802
810
819
826
833
842
852
861
872
881
891
902
909
919
926
937
944
955
965
977
985
993


20
31
41
46
55
60
65
74
82
89
95
100
111
120
126
134
143
151
156
167
174
183
188
196
205
213
222
227
236
244
249
257
265
274
282
287
296
305
310
316
325
330
339
347
355
362
370
379
388
396
405
413
422
431
439
448
457
465
472
478
485
494
502
510
515
523
532
541
547
555
564
569
578
583
592
600
609
615
624
632
640
649
657
662
670
675
684
693
698
707
716
725
732
739
746
754
763
772
780
789
797
806
811
816
825
833
842
850
859
866
875
883
892
900
907
915
924
933
942
951
960
965
974
983
991
996


11
22
29
36
47
58
66
73
83
90
101
111
122
133
144
151
162
169
179
190
201
212
220
231
241
252
262
273
284
295
305
314
325
335
345
357
367
374
383
392
403
413
423
434
442
449
460
467
478
486
496
507
517
526
536
547
558
565
575
586
596
607
616
626
636
643
654
662
673
683
691
702
713
724
734
742
753
763
774
785
793
803
813
823
834
845
856
866
877
886
897
906
917
928
936
943
950
960
971
981
989


49
60
71
83
95
104
116
129
142
154
167
180
191
204
213
226
239
251
264
277
290
300
313
325
337
349
361
374
387
399
412
424
433
446
459
472
483
495
507
521
530
543
552
564
573
585
598
610
619
631
644
657
670
679
692
702
716
733
743
754
766
778
790
802
814
827
838
850
859
869
881
894
906
916
929
942
954
966
981
994


12
26
35
42
54
67
88
105
124
139
160
181
201
215
232
249
270
291
311
328
347
370
390
410
430
448
468
487
508
527
546
567
588
609
630
649
670
691
711
732
752
772
937
955
973
983
995


10
19
31
43
54
74
86
108
129
150
170
191
202
222
243
264
284
302
321
342
365
386
404
425
444
464
628
645
662
683
707
728
749
769
789
810
834
855
874
894


9
14
19
31
40
45
50
56
64
73
79
87
95
104
112
120
129
138
145
153
162
170
177
186
194
202
210
218
226
236
244
253
262
270
279
288
297
306
314
323
328
337
342
350
359
367
376
383
391
400
409
414
422
431
439
448
457
465
474
482
491
498
507
515
524
533
541
550
558
566
574
583
592
600
609
617
624
632
640
645
653
660
669
678
687
693
701
709
718
725
734
742
749
756
765
773
781
789
798
807
814
822
831
840
847
858
866
874
882
891
899
907
912
919
928
936
945
954
962
971
980
988
993


9
21
34
43
50
60
71
82
89
100
111
120
130
140
151
160
171
182
192
203
214
225
234
246
255
268
278
288
299
310
321
330
341
349
360
371
381
392
403
414
422
433
443
454
470
478
489
500
510
521
532
541
551
562
571
582
593
604
611
622
629
640
655
666
677
686
699
709
720
728
739
750
760
769
779
789
798
806
817
828
837
848
858
868
879
888
899
910
920
928
939
948
959
970
980
987
996


12
20
41
51
62
72
83
94
115
127
148
168
180
200
221
242
262
283
304
324
337
358
376
396
417
438
457
477
498
519
540
561
582
603
622
643
664
685
706
727
748
768
789
802
815
834
855
872
891
911
931
949
960
981
992


14
33
54
78
95
104
125
145
166
186
207
228
248
265
285
304
324
341
358
379
400
421
442
463
486
507
529
551
569
589
610
631
653
674
696
713
733
754
775
792
814
838
858
879
903
924
944
964
988
997


11
24
33
42
63
72
79
97
104
124
145
166
187
208
231
252
272
293
313
330
351
372
393
413
434
454
475
493
513
532
554
576
599
628
648
668
689
710
732
753
773
794
815
837
856
876
897
918
939
958
983


21
31
43
50
70
79
98
119
136
145
160
180
201
222
241
262
281
303
323
343
354
375
396
416
437
457
478
497
518
539
560
581
603
624
645
666
685
702
725
746
766
786
806
827
848
867
886
909
932
950
970
983
993


13
25
44
56
68
78
88
95
108
120
139
158
177
198
218
237
257
266
283
303
323
343
364
384
406
426
448
468
486
507
527
550
570
588
609
630
650
670
690
712
733
753
770
791
810
831
853
873
890
908
925
946
964
984


8
16
29
41
54
74
91
100
120
141
162
183
204
225
246
267
288
308
326
344
365
386
407
428
449
468
489
510
529
549
570
590
611
632
651
672
692
709
730
751
772
792
811
831
852
874
895
912
929
949
969
991


14
37
50
72
84
105
122
143
162
182
201
223
243
264
284
305
323
344
363
384
404
424
445
466
487
508
528
549
570
591
612
629
649
670
691
711
733
754
775
795
815
836
854
873
894
915
932
951
968
984


8
27
40
59
77
84
105
115
128
137
159
171
189
207
227
245
265
286
306
327
348
512
533
697
718
739
760
780
801
820
841
862
881
900
917
935
961


8
25
43
56
66
86
105
126
290
311
330
351
372
391
415
432
453
474
495
515
535
699
720
741
901
922
940
959
977
994


12
25
34
41
48
60
80
97
114
134
155
176
341
362
383
404
424
444
467
490
511
534
555
576
739
756
773
933


20
33
45
51
58
77
86
103
124
141
162
180
203
223
244
266
285
304
325
487
508
529
692
712
875
894
914
931
950
959
976
996


29
40
49
60
78
98
119
136
153
315
336
355
519
683
704
868
885
905
926
947
967
988
997


7
18


7
16
23
30
44
50


21
30
39
46
51
59
64
71
79
87
96
103
112
123
128
133
142
147
156
165
173
180
188
196
201
209
216
225
233
242
251
259
267
278
283
292
299
305
313
320
329
334
339
347
353
360
365
370
376
385
392
399
408
416
425
433
442
451
456
464
470
477
482
487
494
503
510
518
528
534
542
551
558
567
574
583
590
598
603
610
617
626
633
650
655
663
674
681
687
695
700
708
716
721
730
735
741
749
755
763
772
777
783
792
800
807
814
823
828
833
841
848
857
862
867
874
885
890
895
905
912
921
929
934
939
947
955
963
970
978
983
993


11
17
27


32
40
51
63
75
87
98
110
122
133
146
159
170
181
190
199
212
224
233
245
257
270
283
294
305
318
328
342
353
366
378
390
399
411
420
429
442
455
468
478
491
500
510
520
529
539
552
563
572
583
596
609
625
634
646
659
668
678
688
702
714
727
738
747
756
769
781
794
809
818
827
840
853
862
874
883
896
905
916
927
939
948
960
966
976
985
996


13
23
35


20
28
50
70
79
99
120
130
139
150
168
179
200
217
234
253
270
279
300
319
331
350
367
384
401
418
436
448
469
487
504
523
544
562
582
601
622
641
661
679
692
713
725
743
765
774
784
796
817
840
858
876
885
898
919
940
950
971
982
992


34
45
55
73
82
102
123
144
153
174
192
204
222
232
252
270
287
308
327
340
361
382
399
418
442
459
477
501
519
536
553
574
593
615
775
793
957
974
984
997


12
29
37
46
62
82
90
99
111
136
155
174
191
212
230
242
262
280
300
320
332
353
371
391
401
422
440
453
473
494
511
531
552
576
596
617
637
657
678
697
714
735
758
777
794
813
830
849
867
885
903
921
939
956
964
973
991


43
49
54
61
70
83
95
119
130
141
158
178
190
200
220
230
249
269
288
305
315
324
335
344
372
381
391
413
434
456
465
482
502
518
538
548
568
580
597
608
630
651
669
689
698
716
737
898
920
940
957
975
996


17
26
31


50
62
70
81
93
110
119
139
152
173
192
201
220
231
250
259
287
305
326
346
364
385
395
415
437
455
474
494
514
534
554
575
593
614
633
654
674
691
708
726
748
772
793
813
831
851
861
878
899
922
932
945
957
967
979
988


23


9
14
21
31
42
49
68
77
101
114
136
153
173
186
208
228
245
257
267
286
304
324
342
362
380
400
420
441
464
481
501
521
541
561
582
601
620
637
654
674
693
714
735
754
774
795
815
824
845
866
884
904
926
944
962
979
988
995


8
28
37
46
53


11
18
25
31
41
61
73
93
106
119
133
140
157
169
188
201
210
220
238
258
267
287
307
331
350
370
391
411
430
451
470
490
509
527
544
561
581
601
618
638
658
676
698
719
739
756
777
795
814
832
843
863
887
904
923
944
962
974
991


11
30
39
58
79
88
110
123
144
165
186
207
226
235
257
275
292
313
334
355
374
395
415
435
453
474
495
515
536
558
579
597
616
636
653
675
695
714
733
750
772
789
807
817
837
854
873
893
914
931
948
964
975
992


30
43
56
67
75
88
97
109
117
129
150
171
192
213
233
252
271
291
311
331
351
373
391
409
428
448
465
486
505
516
535
554
573
592
609
629
649
669
690
708
727
748
767
787
808
829
848
865
886
905
923
940
949
968
983


9
19
38
47
66
75
91
114
133
151
169
186
209
229
250
269
288
307
327
347
367
390
411
430
451
475
495
515
536
557
577
598
616
637
658
678
699
719
739
756
776
797
816
836
857
878
898
916
934
951
968
988


32


8
13
18
39
59
68
80
101
110
127
146
156
177
194
211
228
248
268
285
307
332
495
512
533
554
572
590
611
631
648
665
683
704
725
746
770
790
807
827
848
869
886
904


13
18
29
36
49
56
67
76
97
107
120
131
151
170
179
199
220
232
249
269
282
303
313
333
352
369
388
409
572
591
608
625
646
665
682
703
723
743
764
784
803
824
841
859
880
900
919
938
957
975
995


9
17


19
26


9


